2017  260500  577500 1.030E-03  1.220  50.0   1000  25.0   11100 528   0  NH3           
2017  261500  470500 2.061E-03  1.220  50.0   1000  25.0   11100 528   0  NH3           
2017  261500  525500 1.585E-04  1.220  50.0   1000  25.0   11100 528   0  NH3           
2017  261500  555500 4.834E-03  1.220  50.0   1000  25.0   11100 528   0  NH3           
2017  261500  576500 5.786E-03  1.220  50.0   1000  25.0   11100 528   0  NH3           
2017  262500  552500 2.378E-04  1.220  50.0   1000  25.0   11100 528   0  NH3           
2017  262500  578500 1.585E-04  1.220  50.0   1000  25.0   11100 528   0  NH3           
2017  263500  470500 2.853E-03  1.220  50.0   1000  25.0   11100 528   0  NH3           
2017  263500  494500 4.756E-04  1.220  50.0   1000  25.0   11100 528   0  NH3           
2017  263500  527500 2.457E-03  1.220  50.0   1000  25.0   11100 528   0  NH3           
2017  263500  569500 3.169E-04  1.220  50.0   1000  25.0   11100 528   0  NH3           
2017  264500  481500 6.341E-04  1.220  50.0   1000  25.0   11100 528   0  NH3           
2017  264500  550500 6.341E-04  1.220  50.0   1000  25.0   11100 528   0  NH3           
2017  264500  574500 1.110E-03  1.220  50.0   1000  25.0   11100 528   0  NH3           
2017  264500  583500 1.981E-03  1.220  50.0   1000  25.0   11100 528   0  NH3           
2017  265500  474500 1.570E-02  1.220  50.0   1000  25.0   11100 528   0  NH3           
2017  265500  476500 2.140E-03  1.220  50.0   1000  25.0   11100 528   0  NH3           
2017  265500  488500 9.511E-04  1.220  50.0   1000  25.0   11100 528   0  NH3           
2017  265500  549500 1.110E-03  1.220  50.0   1000  25.0   11100 528   0  NH3           
2017  266500  489500 8.717E-03  1.220  50.0   1000  25.0   11100 528   0  NH3           
2017  266500  537500 3.962E-04  1.220  50.0   1000  25.0   11100 528   0  NH3           
2017  266500  544500 1.030E-03  1.220  50.0   1000  25.0   11100 528   0  NH3           
2017  266500  549500 1.189E-03  1.220  50.0   1000  25.0   11100 528   0  NH3           
2017  266500  562500 7.926E-04  1.220  50.0   1000  25.0   11100 528   0  NH3           
2017  266500  573500 1.585E-03  1.220  50.0   1000  25.0   11100 528   0  NH3           
2017  266500  574500 2.933E-03  1.220  50.0   1000  25.0   11100 528   0  NH3           
2017  268500  565500 2.378E-04  1.220  50.0   1000  25.0   11100 528   0  NH3           
2017  269500  563500 1.585E-04  1.220  50.0   1000  25.0   11100 528   0  NH3           
2017  270500  561500 3.962E-04  1.220  50.0   1000  25.0   11100 528   0  NH3           
2017  273500  552500 3.962E-04  1.220  50.0   1000  25.0   11100 528   0  NH3           
2017  273500  556500 1.585E-04  1.220  50.0   1000  25.0   11100 528   0  NH3           
2017   37500  385500 2.224E-01  0.130  12.0   1000   6.0   11300 528   0  NH3           
2017   42470  373840 1.254E-02  0.000  90.0      0   0.0   11300 528   0  NH3           
2017   42630  374080 1.254E-02  0.000   5.0      0   0.0   11300 528   0  NH3           
2017   43020  373810 3.959E-02  0.000  90.0      0   0.0   11300 528   0  NH3           
2017   43030  374080 3.959E-02  0.000   5.0      0   0.0   11300 528   0  NH3           
2017   43193  373788 1.259E-02  0.000   5.0      0   0.0   11300 528   0  NH3           
2017   43500  372500 2.183E-04  0.130  12.0   1000   6.0   11300 528   0  NH3           
2017   44106  360296 1.824E-01  1.427  47.0      0   0.0   11300 528   0  NH3           
2017   44106  360296 1.806E-01  1.161  60.0      0   0.0   11300 528   0  NH3           
2017   44500  360500 1.198E-02  0.130  12.0   1000   6.0   11300 528   0  NH3           
2017   47719  366375 1.414E+00  2.496  30.0      0   0.0   11300 528   0  NH3           
2017   47730  366028 3.342E+00  1.950  50.0      0   0.0   11300 528   0  NH3           
2017   47750  366500 3.607E+00  1.000  35.0      0   0.0   11300 528   0  NH3           
2017   47751  366355 8.646E-01  3.385  40.0      0   0.0   11300 528   0  NH3           
2017   47905  366745 1.425E-01 10.015  88.0      0   0.0   11300 528   0  NH3           
2017   47906  366383 6.903E+00  9.887  65.0      0   0.0   11300 528   0  NH3           
2017   48007  366667 7.601E-02 12.005  99.0      0   0.0   11300 528   0  NH3           
2017   50500  390500 4.652E-05  0.130  12.0   1000   6.0   11300 528   0  NH3           
2017   51500  390500 2.608E-03  0.130  12.0   1000   6.0   11300 528   0  NH3           
2017   71969  438459 9.446E-03  0.000   2.0      0   0.0   11300 528   0  NH3           
2017   73040  438016 3.237E-02  0.000   5.0      0   0.0   11300 528   0  NH3           
2017   73040  438016 7.744E-05  0.000  11.1      0   0.0   11300 528   0  NH3           
2017   76480  391959 9.295E-04  1.541  15.0      0   0.0   11300 528   0  NH3           
2017   77500  433500 3.548E-02  0.130  12.0   1000   6.0   11300 528   0  NH3           
2017   79259  431845 2.000E-01 19.643  50.0      0   0.0   11300 528   0  NH3           
2017   80500  400500 1.114E-06  0.130  12.0   1000   6.0   11300 528   0  NH3           
2017   81500  435500 2.533E-02  0.130  12.0   1000   6.0   11300 528   0  NH3           
2017   81500  456500 3.009E-03  0.130  12.0   1000   6.0   11300 528   0  NH3           
2017   81932  434823 1.330E-02  0.118  20.0      0   0.0   11300 528   0  NH3           
2017   81932  434823 3.316E-03  0.118  20.0      0   0.0   11300 528   0  NH3           
2017   81932  434823 8.271E-04  0.088  38.0      0   0.0   11300 528   0  NH3           
2017   81932  434823 3.316E-03  0.088  38.0      0   0.0   11300 528   0  NH3           
2017   82500  434500 5.630E-03  0.130  12.0   1000   6.0   11300 528   0  NH3           
2017   82578  434086 1.936E-05  0.000  15.0      0   0.0   11300 528   0  NH3           
2017  156500  466500 7.832E-03  0.130  12.0   1000   6.0   11300 528   0  NH3           
2017   82583  434038 3.292E-04  0.000  15.0      0   0.0   11300 528   0  NH3           
2017   83340  448400 1.819E-03  0.000  20.0      0   0.0   11300 528   0  NH3           
2017   90500  468500 8.525E-03  0.130  12.0   1000   6.0   11300 528   0  NH3           
2017   91500  443500 7.027E-03  0.130  12.0   1000   6.0   11300 528   0  NH3           
2017   93500  395500 2.061E-05  0.130  12.0   1000   6.0   11300 528   0  NH3           
2017   93500  451500 2.809E-03  0.130  12.0   1000   6.0   11300 528   0  NH3           
2017   94500  450500 1.950E-06  0.130  12.0   1000   6.0   11300 528   0  NH3           
2017   97245  410610 1.577E-03 15.039  80.0      0   0.0   11300 528   0  NH3           
2017   97801  410804 3.553E-03 10.207 100.0      0   0.0   11300 528   0  NH3           
2017   97905  410858 6.295E-04  1.812  60.0      0   0.0   11300 528   0  NH3           
2017   97946  411331 1.414E-02  0.500  92.5      0   0.0   11300 528   0  NH3           
2017   98006  411180 2.290E-02 76.515  60.0      0   0.0   11300 528   0  NH3           
2017   98024  410957 8.627E-03 29.421 130.0      0   0.0   11300 528   0  NH3           
2017   98225  411022 7.892E-06 30.162  15.0      0   0.0   11300 528   0  NH3           
2017  104500  460500 3.778E-02  0.130  12.0   1000   6.0   11300 528   0  NH3           
2017  105500  489500 1.393E-05  0.130  12.0   1000   6.0   11300 528   0  NH3           
2017  106500  498500 2.007E-04  0.130  12.0   1000   6.0   11300 528   0  NH3           
2017  109726  425865 1.809E-02  0.000  27.0      0   0.0   11300 528   0  NH3           
2017  109817  425858 2.324E-03  0.000  25.0      0   0.0   11300 528   0  NH3           
2017  111500  397500 7.222E-02  0.130  12.0   1000   6.0   11300 528   0  NH3           
2017  113500  501500 4.262E-05  0.130  12.0   1000   6.0   11300 528   0  NH3           
2017  116500  493500 1.705E-03  0.130  12.0   1000   6.0   11300 528   0  NH3           
2017  116710  492900 6.689E-02  0.010  13.0      0   0.0   11300 528   0  NH3           
2017  117500  492500 3.175E-03  0.130  12.0   1000   6.0   11300 528   0  NH3           
2017  117620  492170 1.162E-05  0.000  19.0      0   0.0   11300 528   0  NH3           
2017  117970  472560 4.995E-03  0.020  45.0      0   0.0   11300 528   0  NH3           
2017  119500  413500 2.978E-04  0.130  12.0   1000   6.0   11300 528   0  NH3           
2017  119500  482500 1.383E-02  0.130  12.0   1000   6.0   11300 528   0  NH3           
2017  119500  485500 1.198E-05  0.130  12.0   1000   6.0   11300 528   0  NH3           
2017  119970  491020 2.789E-03  0.993  40.0      0   0.0   11300 528   0  NH3           
2017  120500  486500 7.941E-05  0.130  12.0   1000   6.0   11300 528   0  NH3           
2017  122500  486500 2.007E-04  0.130  12.0   1000   6.0   11300 528   0  NH3           
2017  123500  403500 2.007E-04  0.130  12.0   1000   6.0   11300 528   0  NH3           
2017  124110  488860 1.634E-02  0.943  30.0      0   0.0   11300 528   0  NH3           
2017  124120  488650 3.311E-02  1.085  25.0      0   0.0   11300 528   0  NH3           
2017  124230  488780 5.033E-04  0.032  20.0      0   0.0   11300 528   0  NH3           
2017  125500  485500 6.018E-04  0.130  12.0   1000   6.0   11300 528   0  NH3           
2017  129000  401000 1.629E-02  0.000   5.0      0   0.0   11300 528   0  NH3           
2017  132158  454173 3.485E-04  0.324  30.0      0   0.0   11300 528   0  NH3           
2017  132173  454086 1.859E-06  0.118  30.0      0   0.0   11300 528   0  NH3           
2017  134500  449500 1.509E-03  0.130  12.0   1000   6.0   11300 528   0  NH3           
2017  145500  479500 4.013E-04  0.130  12.0   1000   6.0   11300 528   0  NH3           
2017  146500  418500 4.735E-06  0.130  12.0   1000   6.0   11300 528   0  NH3           
2017  146500  465500 5.292E-06  0.130  12.0   1000   6.0   11300 528   0  NH3           
2017  147500  412500 3.778E-02  0.130  12.0   1000   6.0   11300 528   0  NH3           
2017  148500  490500 5.573E-07  0.130  12.0   1000   6.0   11300 528   0  NH3           
2017  150500  436500 7.941E-05  0.130  12.0   1000   6.0   11300 528   0  NH3           
2017  154500  462500 1.239E-01  0.130  12.0   1000   6.0   11300 528   0  NH3           
2017  157500  432500 9.029E-03  0.130  12.0   1000   6.0   11300 528   0  NH3           
2017  162500  381500 4.013E-04  0.130  12.0   1000   6.0   11300 528   0  NH3           
2017  163500  485500 5.990E-03  0.130  12.0   1000   6.0   11300 528   0  NH3           
2017  166500  450500 3.971E-05  0.130  12.0   1000   6.0   11300 528   0  NH3           
2017  166500  577500 1.390E-04  0.130  12.0   1000   6.0   11300 528   0  NH3           
2017  170500  449500 6.450E-03  0.130  12.0   1000   6.0   11300 528   0  NH3           
2017  171500  449500 8.357E-06  0.130  12.0   1000   6.0   11300 528   0  NH3           
2017  172500  442500 1.985E-04  0.130  12.0   1000   6.0   11300 528   0  NH3           
2017  174500  319500 1.383E-03  0.130  12.0   1000   6.0   11300 528   0  NH3           
2017  174500  447500 3.064E-06  0.130  12.0   1000   6.0   11300 528   0  NH3           
2017  181150  332050 7.260E-04  0.000   5.0      0   0.0   11300 528   0  NH3           
2017  181150  332050 7.562E-04  0.000   5.0      0   0.0   11300 528   0  NH3           
2017  181350  332100 1.815E-04  0.000   5.0      0   0.0   11300 528   0  NH3           
2017  181350  332100 9.260E-03  0.000   5.0      0   0.0   11300 528   0  NH3           
2017  183337  332324 1.449E-02  0.000  50.0      0   0.0   11300 528   0  NH3           
2017  183363  332263 1.815E-03  0.000  40.0      0   0.0   11300 528   0  NH3           
2017  183446  332207 2.722E-02  0.000  13.0      0   0.0   11300 528   0  NH3           
2017  183466  332256 7.260E-04  0.000  30.0      0   0.0   11300 528   0  NH3           
2017  183468  332290 9.677E-03  0.000  21.0      0   0.0   11300 528   0  NH3           
2017  183470  330100 6.711E-02  0.000   5.0      0   0.0   11300 528   0  NH3           
2017  183470  332345 2.328E-02  0.002  40.0      0   0.0   11300 528   0  NH3           
2017  183472  332251 4.840E-04  0.000  20.0      0   0.0   11300 528   0  NH3           
2017  183480  333338 3.691E-03  0.042  50.0      0   0.0   11300 528   0  NH3           
2017  183481  332125 4.538E-03  0.000  30.0      0   0.0   11300 528   0  NH3           
2017  183488  333320 3.630E-03  0.000  25.0      0   0.0   11300 528   0  NH3           
2017  183500  332300 1.210E-03  0.000   5.0      0   0.0   11300 528   0  NH3           
2017  183500  332300 8.470E-04  0.000   5.0      0   0.0   11300 528   0  NH3           
2017  183500  332300 3.666E-02  0.000   5.0      0   0.0   11300 528   0  NH3           
2017  183500  332300 3.872E-03  0.000   5.0      0   0.0   11300 528   0  NH3           
2017  183500  332300 2.223E-02  0.000   5.0      0   0.0   11300 528   0  NH3           
2017  183500  332300 5.037E-02  0.000   5.0      0   0.0   11300 528   0  NH3           
2017  183500  332300 1.306E-02  0.000   5.0      0   0.0   11300 528   0  NH3           
2017  183510  332580 1.225E-02  0.005  35.0      0   0.0   11300 528   0  NH3           
2017  183515  332580 1.512E-04  0.000  40.0      0   0.0   11300 528   0  NH3           
2017  183525  332440 9.588E-03  0.000   5.0      0   0.0   11300 528   0  NH3           
2017  183525  332440 1.331E-02  0.000   5.0      0   0.0   11300 528   0  NH3           
2017  183545  332435 1.247E-01  0.005  44.0      0   0.0   11300 528   0  NH3           
2017  183550  330650 2.270E-03  0.000   5.0      0   0.0   11300 528   0  NH3           
2017  183550  330650 5.143E-04  0.000   5.0      0   0.0   11300 528   0  NH3           
2017  183550  330650 1.909E-02  0.000   5.0      0   0.0   11300 528   0  NH3           
2017  183550  330650 5.445E-03  0.000   5.0      0   0.0   11300 528   0  NH3           
2017  183550  330650 5.747E-04  0.000   5.0      0   0.0   11300 528   0  NH3           
2017  183550  330650 1.512E-04  0.000   5.0      0   0.0   11300 528   0  NH3           
2017  183560  332540 6.413E-03  0.000   5.0      0   0.0   11300 528   0  NH3           
2017  183560  332540 3.117E-03  0.000   5.0      0   0.0   11300 528   0  NH3           
2017  183575  332435 7.529E-02  0.001  50.0      0   0.0   11300 528   0  NH3           
2017  183575  332435 8.416E-02  0.000   5.0      0   0.0   11300 528   0  NH3           
2017  183575  332435 9.260E-03  0.000   5.0      0   0.0   11300 528   0  NH3           
2017  183600  332400 1.612E-02  0.000   5.0      0   0.0   11300 528   0  NH3           
2017  183600  332400 1.158E-02  0.000   5.0      0   0.0   11300 528   0  NH3           
2017  183600  332400 1.204E-02  0.000   5.0      0   0.0   11300 528   0  NH3           
2017  183600  332400 6.129E-02  0.000   5.0      0   0.0   11300 528   0  NH3           
2017  183620  331450 1.754E-02  0.000  12.0      0   0.0   11300 528   0  NH3           
2017  183630  333100 5.747E-04  0.000  22.0      0   0.0   11300 528   0  NH3           
2017  183636  333315 9.375E-04  0.000   5.0      0   0.0   11300 528   0  NH3           
2017  183636  333315 3.839E-02  0.000   5.0      0   0.0   11300 528   0  NH3           
2017  183636  333315 1.815E-04  0.000   5.0      0   0.0   11300 528   0  NH3           
2017  183636  333315 2.305E-02  0.000   5.0      0   0.0   11300 528   0  NH3           
2017  183700  332000 5.143E-02  0.231 125.0      0   0.0   11300 528   0  NH3           
2017  183710  332530 6.651E-01  0.000 175.0      0   0.0   11300 528   0  NH3           
2017  183718  333249 1.059E-03  0.007  30.0      0   0.0   11300 528   0  NH3           
2017  183732  332237 4.489E-02  0.000  36.0      0   0.0   11300 528   0  NH3           
2017  183734  332252 3.463E-02  1.303  42.0      0   0.0   11300 528   0  NH3           
2017  183734  332249 3.463E-02  1.303  42.0      0   0.0   11300 528   0  NH3           
2017  183739  332231 6.999E-01  1.388  36.0      0   0.0   11300 528   0  NH3           
2017  183739  332236 5.216E-01  1.325  36.0      0   0.0   11300 528   0  NH3           
2017  183739  332236 5.430E-01  1.769  36.0      0   0.0   11300 528   0  NH3           
2017  183750  332450 1.210E-01  0.000  16.0      0   0.0   11300 528   0  NH3           
2017  183750  332550 2.057E-02  0.000   5.0      0   0.0   11300 528   0  NH3           
2017  183750  332550 1.210E-03  0.000   5.0      0   0.0   11300 528   0  NH3           
2017  183750  332550 5.445E-04  0.000   5.0      0   0.0   11300 528   0  NH3           
2017  183750  332550 3.841E-02  0.000   5.0      0   0.0   11300 528   0  NH3           
2017  183752  332234 4.489E-02  0.346  36.0      0   0.0   11300 528   0  NH3           
2017  183760  332249 3.463E-02  1.303  42.0      0   0.0   11300 528   0  NH3           
2017  183765  332232 4.489E-02  0.528  36.0      0   0.0   11300 528   0  NH3           
2017  183767  332255 2.087E-03  0.542  50.0      0   0.0   11300 528   0  NH3           
2017  183772  332305 2.117E-04  0.000   5.0      0   0.0   11300 528   0  NH3           
2017  183821  332551 1.831E-02  0.000   5.0      0   0.0   11300 528   0  NH3           
2017  183821  332551 3.025E-04  0.000   5.0      0   0.0   11300 528   0  NH3           
2017  183854  332542 7.562E-03  0.000  16.0      0   0.0   11300 528   0  NH3           
2017  183900  329800 1.906E-03  0.000   5.0      0   0.0   11300 528   0  NH3           
2017  183900  329800 3.025E-05  0.000   5.0      0   0.0   11300 528   0  NH3           
2017  183900  329800 2.117E-04  0.000   5.0      0   0.0   11300 528   0  NH3           
2017  183900  329800 2.964E-03  0.000   5.0      0   0.0   11300 528   0  NH3           
2017  183900  329800 8.167E-04  0.000   5.0      0   0.0   11300 528   0  NH3           
2017  183900  329800 2.208E-03  0.000   5.0      0   0.0   11300 528   0  NH3           
2017  183900  332600 2.117E-04  0.000  12.0      0   0.0   11300 528   0  NH3           
2017  183900  332600 1.421E-02  0.000  12.0      0   0.0   11300 528   0  NH3           
2017  183978  333032 6.263E-03  0.000   5.0      0   0.0   11300 528   0  NH3           
2017  184300  329600 3.933E-02  0.000   5.0      0   0.0   11300 528   0  NH3           
2017  184470  329660 1.512E-04  0.000   5.0      0   0.0   11300 528   0  NH3           
2017  184470  329660 6.655E-04  0.000   5.0      0   0.0   11300 528   0  NH3           
2017  184470  329660 2.270E-03  0.000   5.0      0   0.0   11300 528   0  NH3           
2017  184500  332500 2.007E-04  0.130  12.0   1000   6.0   11300 528   0  NH3           
2017  184500  428500 9.216E-04  0.130  12.0   1000   6.0   11300 528   0  NH3           
2017  184850  331200 2.117E-04  0.000  13.0      0   0.0   11300 528   0  NH3           
2017  187500  334500 1.957E-02  0.130  12.0   1000   6.0   11300 528   0  NH3           
2017  188500  426500 4.013E-04  0.130  12.0   1000   6.0   11300 528   0  NH3           
2017  190500  441500 4.791E-02  0.130  12.0   1000   6.0   11300 528   0  NH3           
2017  195500  468500 2.786E-06  0.130  12.0   1000   6.0   11300 528   0  NH3           
2017  196500  466500 1.204E-03  0.130  12.0   1000   6.0   11300 528   0  NH3           
2017  197500  468500 1.032E-03  0.130  12.0   1000   6.0   11300 528   0  NH3           
2017  198500  441500 2.228E-06  0.130  12.0   1000   6.0   11300 528   0  NH3           
2017  199500  467500 1.474E-02  0.130  12.0   1000   6.0   11300 528   0  NH3           
2017  205500  500500 1.672E-06  0.130  12.0   1000   6.0   11300 528   0  NH3           
2017  207500  377500 8.023E-04  0.130  12.0   1000   6.0   11300 528   0  NH3           
2017  207766  378353 4.067E-03  1.074  20.0      0   0.0   11300 528   0  NH3           
2017  208500  472500 2.076E-02  0.130  12.0   1000   6.0   11300 528   0  NH3           
2017  225500  505500 6.129E-06  0.130  12.0   1000   6.0   11300 528   0  NH3           
2017  236500  580500 5.134E-03  0.130  12.0   1000   6.0   11300 528   0  NH3           
2017  238500  488500 2.809E-03  0.130  12.0   1000   6.0   11300 528   0  NH3           
2017  243500  484500 2.765E-01  0.130  12.0   1000   6.0   11300 528   0  NH3           
2017  244500  483500 1.083E-01  0.130  12.0   1000   6.0   11300 528   0  NH3           
2017  255500  569500 8.636E-06  0.130  12.0   1000   6.0   11300 528   0  NH3           
2017  255500  570500 1.950E-06  0.130  12.0   1000   6.0   11300 528   0  NH3           
2017  258500  593500 5.068E-02  0.130  12.0   1000   6.0   11300 528   0  NH3           
2017  259936  593060 5.916E-04  0.000   5.0      0   0.0   11300 528   0  NH3           
2017  260250  591280 5.754E-01  0.000  32.0      0   0.0   11300 528   0  NH3           
2017  261500  555500 6.964E-06  0.130  12.0   1000   6.0   11300 528   0  NH3           
2017  263500  528500 7.787E-02  0.130  12.0   1000   6.0   11300 528   0  NH3           
2017  267500  545500 6.911E-03  0.130  12.0   1000   6.0   11300 528   0  NH3           
2017  267500  575500 2.507E-06  0.130  12.0   1000   6.0   11300 528   0  NH3           
2017   29500  386500 2.025E-03  0.590  24.0   1000  12.0   11400 528   0  NH3           
2017   33500  391500 2.773E-03  0.590  24.0   1000  12.0   11400 528   0  NH3           
2017   33500  392500 1.317E-02  0.590  24.0   1000  12.0   11400 528   0  NH3           
2017   35500  391500 1.585E-03  0.590  24.0   1000  12.0   11400 528   0  NH3           
2017   37500  386500 1.216E-02  0.590  24.0   1000  12.0   11400 528   0  NH3           
2017   40500  388500 3.962E-04  0.590  24.0   1000  12.0   11400 528   0  NH3           
2017   44500  359500 2.951E-02  0.590  24.0   1000  12.0   11400 528   0  NH3           
2017   46500  365500 5.064E-03  0.590  24.0   1000  12.0   11400 528   0  NH3           
2017   53500  408500 9.905E-04  0.590  24.0   1000  12.0   11400 528   0  NH3           
2017   64500  432500 3.962E-04  0.590  24.0   1000  12.0   11400 528   0  NH3           
2017   69500  427500 3.962E-04  0.590  24.0   1000  12.0   11400 528   0  NH3           
2017   69500  435500 1.387E-03  0.590  24.0   1000  12.0   11400 528   0  NH3           
2017   71500  446500 9.905E-04  0.590  24.0   1000  12.0   11400 528   0  NH3           
2017   72500  446500 7.925E-04  0.590  24.0   1000  12.0   11400 528   0  NH3           
2017   75500  441500 2.516E-02  0.590  24.0   1000  12.0   11400 528   0  NH3           
2017   77500  390500 1.013E-02  0.590  24.0   1000  12.0   11400 528   0  NH3           
2017   78500  391500 9.905E-04  0.590  24.0   1000  12.0   11400 528   0  NH3           
2017   78500  458500 7.925E-04  0.590  24.0   1000  12.0   11400 528   0  NH3           
2017   79500  390500 3.962E-04  0.590  24.0   1000  12.0   11400 528   0  NH3           
2017   79500  391500 3.962E-04  0.590  24.0   1000  12.0   11400 528   0  NH3           
2017   79500  448500 7.925E-04  0.590  24.0   1000  12.0   11400 528   0  NH3           
2017   79500  449500 7.925E-04  0.590  24.0   1000  12.0   11400 528   0  NH3           
2017   80500  429500 1.387E-03  0.590  24.0   1000  12.0   11400 528   0  NH3           
2017   80500  450500 1.981E-03  0.590  24.0   1000  12.0   11400 528   0  NH3           
2017   81500  431500 8.102E-03  0.590  24.0   1000  12.0   11400 528   0  NH3           
2017   81500  453500 6.076E-03  0.590  24.0   1000  12.0   11400 528   0  NH3           
2017   83500  453500 1.114E-02  0.590  24.0   1000  12.0   11400 528   0  NH3           
2017   84500  453500 3.962E-04  0.590  24.0   1000  12.0   11400 528   0  NH3           
2017   86500  435500 6.076E-03  0.590  24.0   1000  12.0   11400 528   0  NH3           
2017   87500  438500 4.357E-03  0.590  24.0   1000  12.0   11400 528   0  NH3           
2017   87500  439500 2.025E-03  0.590  24.0   1000  12.0   11400 528   0  NH3           
2017   88500  437500 1.585E-03  0.590  24.0   1000  12.0   11400 528   0  NH3           
2017   89500  416500 3.962E-04  0.590  24.0   1000  12.0   11400 528   0  NH3           
2017   89500  436500 2.180E-03  0.590  24.0   1000  12.0   11400 528   0  NH3           
2017   90500  399500 1.187E-03  0.590  24.0   1000  12.0   11400 528   0  NH3           
2017   90500  435500 5.943E-04  0.590  24.0   1000  12.0   11400 528   0  NH3           
2017   92500  438500 3.962E-04  0.590  24.0   1000  12.0   11400 528   0  NH3           
2017   92500  463500 9.905E-04  0.590  24.0   1000  12.0   11400 528   0  NH3           
2017   92500  467500 7.925E-04  0.590  24.0   1000  12.0   11400 528   0  NH3           
2017   93500  449500 9.905E-04  0.590  24.0   1000  12.0   11400 528   0  NH3           
2017   93500  464500 3.962E-04  0.590  24.0   1000  12.0   11400 528   0  NH3           
2017   93500  473500 2.025E-03  0.590  24.0   1000  12.0   11400 528   0  NH3           
2017   94500  430500 3.962E-04  0.590  24.0   1000  12.0   11400 528   0  NH3           
2017   94500  450500 1.783E-03  0.590  24.0   1000  12.0   11400 528   0  NH3           
2017   95500  425500 4.357E-03  0.590  24.0   1000  12.0   11400 528   0  NH3           
2017   96500  410500 5.974E-02  0.590  24.0   1000  12.0   11400 528   0  NH3           
2017   96500  453500 3.962E-04  0.590  24.0   1000  12.0   11400 528   0  NH3           
2017   96500  464500 1.187E-03  0.590  24.0   1000  12.0   11400 528   0  NH3           
2017   97500  454500 9.905E-04  0.590  24.0   1000  12.0   11400 528   0  NH3           
2017   99500  497500 6.481E-02  0.590  24.0   1000  12.0   11400 528   0  NH3           
2017  100700  397690 6.732E-04  0.058   9.0      0   0.0   11400 528   0  NH3           
2017  100700  397690 3.857E-02  0.058   9.0      0   0.0   11400 528   0  NH3           
2017  100720  397680 3.857E-02  3.748  60.0      0   0.0   11400 528   0  NH3           
2017  100720  397680 2.210E+00  3.748  60.0      0   0.0   11400 528   0  NH3           
2017  101500  397500 1.722E-02  0.590  24.0   1000  12.0   11400 528   0  NH3           
2017  101500  443500 3.962E-04  0.590  24.0   1000  12.0   11400 528   0  NH3           
2017  102500  399500 5.943E-04  0.590  24.0   1000  12.0   11400 528   0  NH3           
2017  102500  425500 3.962E-04  0.590  24.0   1000  12.0   11400 528   0  NH3           
2017  102500  431500 6.340E-03  0.590  24.0   1000  12.0   11400 528   0  NH3           
2017  102500  460500 7.595E-02  0.590  24.0   1000  12.0   11400 528   0  NH3           
2017  103500  422500 1.013E-02  0.590  24.0   1000  12.0   11400 528   0  NH3           
2017  103500  459500 1.519E-02  0.590  24.0   1000  12.0   11400 528   0  NH3           
2017  103500  487500 3.962E-04  0.590  24.0   1000  12.0   11400 528   0  NH3           
2017  103500  488500 5.943E-04  0.590  24.0   1000  12.0   11400 528   0  NH3           
2017  103500  490500 3.962E-04  0.590  24.0   1000  12.0   11400 528   0  NH3           
2017  103500  498500 1.114E-02  0.590  24.0   1000  12.0   11400 528   0  NH3           
2017  105500  461500 3.962E-04  0.590  24.0   1000  12.0   11400 528   0  NH3           
2017  105500  489500 1.387E-03  0.590  24.0   1000  12.0   11400 528   0  NH3           
2017  107500  479500 5.943E-04  0.590  24.0   1000  12.0   11400 528   0  NH3           
2017  108500  446500 1.823E-02  0.590  24.0   1000  12.0   11400 528   0  NH3           
2017  109500  446500 3.962E-04  0.590  24.0   1000  12.0   11400 528   0  NH3           
2017  110500  488500 3.962E-04  0.590  24.0   1000  12.0   11400 528   0  NH3           
2017  111500  455500 3.962E-04  0.590  24.0   1000  12.0   11400 528   0  NH3           
2017  111500  516500 9.905E-04  0.590  24.0   1000  12.0   11400 528   0  NH3           
2017  112500  401500 1.013E-02  0.590  24.0   1000  12.0   11400 528   0  NH3           
2017  112500  402500 2.180E-03  0.590  24.0   1000  12.0   11400 528   0  NH3           
2017  113500  399500 3.962E-04  0.590  24.0   1000  12.0   11400 528   0  NH3           
2017  113500  489500 4.153E-02  0.590  24.0   1000  12.0   11400 528   0  NH3           
2017  113500  490500 7.088E-03  0.590  24.0   1000  12.0   11400 528   0  NH3           
2017  113500  491500 1.013E-02  0.590  24.0   1000  12.0   11400 528   0  NH3           
2017  114500  534500 7.088E-03  0.590  24.0   1000  12.0   11400 528   0  NH3           
2017  116500  408500 4.051E-03  0.590  24.0   1000  12.0   11400 528   0  NH3           
2017  116500  489500 2.025E-03  0.590  24.0   1000  12.0   11400 528   0  NH3           
2017  117500  406500 7.925E-04  0.590  24.0   1000  12.0   11400 528   0  NH3           
2017  117500  506500 1.981E-03  0.590  24.0   1000  12.0   11400 528   0  NH3           
2017  118500  455500 9.905E-04  0.590  24.0   1000  12.0   11400 528   0  NH3           
2017  119500  486500 3.962E-04  0.590  24.0   1000  12.0   11400 528   0  NH3           
2017  119500  489500 2.575E-03  0.590  24.0   1000  12.0   11400 528   0  NH3           
2017  120500  485500 9.905E-04  0.590  24.0   1000  12.0   11400 528   0  NH3           
2017  120500  486500 3.962E-04  0.590  24.0   1000  12.0   11400 528   0  NH3           
2017  125500  514500 3.962E-04  0.590  24.0   1000  12.0   11400 528   0  NH3           
2017  126500  482500 1.187E-03  0.590  24.0   1000  12.0   11400 528   0  NH3           
2017  126500  547500 5.943E-04  0.590  24.0   1000  12.0   11400 528   0  NH3           
2017  127500  433500 1.013E-02  0.590  24.0   1000  12.0   11400 528   0  NH3           
2017  129500  399500 2.575E-03  0.590  24.0   1000  12.0   11400 528   0  NH3           
2017  129500  401500 6.887E-02  0.590  24.0   1000  12.0   11400 528   0  NH3           
2017  129500  515500 1.317E-02  0.590  24.0   1000  12.0   11400 528   0  NH3           
2017  130500  400500 4.953E-03  0.590  24.0   1000  12.0   11400 528   0  NH3           
2017  133500  396500 9.905E-04  0.590  24.0   1000  12.0   11400 528   0  NH3           
2017  133500  439500 3.962E-04  0.590  24.0   1000  12.0   11400 528   0  NH3           
2017  133500  520500 2.378E-03  0.590  24.0   1000  12.0   11400 528   0  NH3           
2017  134500  397500 2.773E-03  0.590  24.0   1000  12.0   11400 528   0  NH3           
2017  134500  433500 6.537E-03  0.590  24.0   1000  12.0   11400 528   0  NH3           
2017  134500  454500 6.076E-03  0.590  24.0   1000  12.0   11400 528   0  NH3           
2017  134500  520500 1.129E-02  0.590  24.0   1000  12.0   11400 528   0  NH3           
2017  135500  397500 3.367E-03  0.590  24.0   1000  12.0   11400 528   0  NH3           
2017  135500  434500 6.340E-03  0.590  24.0   1000  12.0   11400 528   0  NH3           
2017  135500  452500 1.187E-03  0.590  24.0   1000  12.0   11400 528   0  NH3           
2017  136500  451500 3.367E-03  0.590  24.0   1000  12.0   11400 528   0  NH3           
2017  137500  377500 7.925E-04  0.590  24.0   1000  12.0   11400 528   0  NH3           
2017  137500  424500 3.962E-04  0.590  24.0   1000  12.0   11400 528   0  NH3           
2017  138500  470500 1.585E-03  0.590  24.0   1000  12.0   11400 528   0  NH3           
2017  142500  455500 2.972E-03  0.590  24.0   1000  12.0   11400 528   0  NH3           
2017  143500  439500 5.943E-04  0.590  24.0   1000  12.0   11400 528   0  NH3           
2017  143500  528500 3.962E-04  0.590  24.0   1000  12.0   11400 528   0  NH3           
2017  144500  405500 3.962E-04  0.590  24.0   1000  12.0   11400 528   0  NH3           
2017  146500  375500 1.882E-02  0.590  24.0   1000  12.0   11400 528   0  NH3           
2017  146500  477500 5.943E-04  0.590  24.0   1000  12.0   11400 528   0  NH3           
2017  146500  490500 3.962E-04  0.590  24.0   1000  12.0   11400 528   0  NH3           
2017  147500  387500 3.962E-04  0.590  24.0   1000  12.0   11400 528   0  NH3           
2017  148500  455500 1.585E-03  0.590  24.0   1000  12.0   11400 528   0  NH3           
2017  148500  469500 3.962E-04  0.590  24.0   1000  12.0   11400 528   0  NH3           
2017  149500  470500 2.025E-03  0.590  24.0   1000  12.0   11400 528   0  NH3           
2017  150500  415500 3.962E-04  0.590  24.0   1000  12.0   11400 528   0  NH3           
2017  151500  378500 3.962E-04  0.590  24.0   1000  12.0   11400 528   0  NH3           
2017  152500  449500 5.943E-04  0.590  24.0   1000  12.0   11400 528   0  NH3           
2017  155500  462500 3.962E-04  0.590  24.0   1000  12.0   11400 528   0  NH3           
2017  156500  390500 1.823E-02  0.590  24.0   1000  12.0   11400 528   0  NH3           
2017  157500  379500 3.962E-04  0.590  24.0   1000  12.0   11400 528   0  NH3           
2017  157500  387500 1.187E-03  0.590  24.0   1000  12.0   11400 528   0  NH3           
2017  157500  388500 9.905E-04  0.590  24.0   1000  12.0   11400 528   0  NH3           
2017  158500  382500 1.013E-02  0.590  24.0   1000  12.0   11400 528   0  NH3           
2017  158500  387500 1.783E-03  0.590  24.0   1000  12.0   11400 528   0  NH3           
2017  158500  435500 1.114E-02  0.590  24.0   1000  12.0   11400 528   0  NH3           
2017  158500  577500 3.037E-03  0.590  24.0   1000  12.0   11400 528   0  NH3           
2017  159500  454500 7.925E-04  0.590  24.0   1000  12.0   11400 528   0  NH3           
2017  160500  402500 7.726E-03  0.590  24.0   1000  12.0   11400 528   0  NH3           
2017  160500  472500 1.216E-02  0.590  24.0   1000  12.0   11400 528   0  NH3           
2017  160500  563500 3.962E-04  0.590  24.0   1000  12.0   11400 528   0  NH3           
2017  161500  395500 1.387E-03  0.590  24.0   1000  12.0   11400 528   0  NH3           
2017  162500  406500 5.943E-04  0.590  24.0   1000  12.0   11400 528   0  NH3           
2017  162500  564500 9.905E-04  0.590  24.0   1000  12.0   11400 528   0  NH3           
2017  163500  432500 1.387E-03  0.590  24.0   1000  12.0   11400 528   0  NH3           
2017  164500  403500 2.025E-03  0.590  24.0   1000  12.0   11400 528   0  NH3           
2017  164500  442500 4.759E-02  0.590  24.0   1000  12.0   11400 528   0  NH3           
2017  164500  505500 1.013E-02  0.590  24.0   1000  12.0   11400 528   0  NH3           
2017  164500  577500 3.011E-02  0.590  24.0   1000  12.0   11400 528   0  NH3           
2017  165500  384500 1.387E-03  0.590  24.0   1000  12.0   11400 528   0  NH3           
2017  165500  386500 3.962E-04  0.590  24.0   1000  12.0   11400 528   0  NH3           
2017  166500  384500 2.025E-03  0.590  24.0   1000  12.0   11400 528   0  NH3           
2017  166500  420500 2.378E-03  0.590  24.0   1000  12.0   11400 528   0  NH3           
2017  168500  461500 3.962E-04  0.590  24.0   1000  12.0   11400 528   0  NH3           
2017  170500  451500 5.943E-04  0.590  24.0   1000  12.0   11400 528   0  NH3           
2017  170500  558500 4.153E-02  0.590  24.0   1000  12.0   11400 528   0  NH3           
2017  171500  449500 2.972E-03  0.590  24.0   1000  12.0   11400 528   0  NH3           
2017  171500  484500 3.962E-04  0.590  24.0   1000  12.0   11400 528   0  NH3           
2017  172500  392500 1.114E-02  0.590  24.0   1000  12.0   11400 528   0  NH3           
2017  174500  386500 1.013E-02  0.590  24.0   1000  12.0   11400 528   0  NH3           
2017  176287  314302 8.236E-01 11.665 150.0      0   0.0   11400 528   0  NH3           
2017  177500  377500 3.962E-04  0.590  24.0   1000  12.0   11400 528   0  NH3           
2017  177500  397500 6.537E-03  0.590  24.0   1000  12.0   11400 528   0  NH3           
2017  179500  316500 1.187E-03  0.590  24.0   1000  12.0   11400 528   0  NH3           
2017  179500  322500 1.187E-03  0.590  24.0   1000  12.0   11400 528   0  NH3           
2017  179500  374500 5.943E-04  0.590  24.0   1000  12.0   11400 528   0  NH3           
2017  180500  365500 3.962E-03  0.590  24.0   1000  12.0   11400 528   0  NH3           
2017  180500  425500 3.962E-04  0.590  24.0   1000  12.0   11400 528   0  NH3           
2017  180500  440500 1.114E-02  0.590  24.0   1000  12.0   11400 528   0  NH3           
2017  180500  457500 3.962E-04  0.590  24.0   1000  12.0   11400 528   0  NH3           
2017  181500  426500 3.962E-04  0.590  24.0   1000  12.0   11400 528   0  NH3           
2017  182500  332500 8.102E-03  0.590  24.0   1000  12.0   11400 528   0  NH3           
2017  183500  328500 7.925E-04  0.590  24.0   1000  12.0   11400 528   0  NH3           
2017  184500  359500 2.025E-03  0.590  24.0   1000  12.0   11400 528   0  NH3           
2017  184500  496500 1.216E-02  0.590  24.0   1000  12.0   11400 528   0  NH3           
2017  185500  320500 3.962E-04  0.590  24.0   1000  12.0   11400 528   0  NH3           
2017  185500  428500 7.088E-03  0.590  24.0   1000  12.0   11400 528   0  NH3           
2017  186500  428500 4.160E-03  0.590  24.0   1000  12.0   11400 528   0  NH3           
2017  186500  579500 3.037E-03  0.590  24.0   1000  12.0   11400 528   0  NH3           
2017  187500  346500 1.722E-02  0.590  24.0   1000  12.0   11400 528   0  NH3           
2017  187500  420500 1.187E-03  0.590  24.0   1000  12.0   11400 528   0  NH3           
2017  187500  437500 3.962E-04  0.590  24.0   1000  12.0   11400 528   0  NH3           
2017  188500  334500 3.037E-03  0.590  24.0   1000  12.0   11400 528   0  NH3           
2017  188500  336500 1.783E-03  0.590  24.0   1000  12.0   11400 528   0  NH3           
2017  188500  415500 3.037E-02  0.590  24.0   1000  12.0   11400 528   0  NH3           
2017  188500  416500 5.943E-04  0.590  24.0   1000  12.0   11400 528   0  NH3           
2017  188500  419500 9.905E-04  0.590  24.0   1000  12.0   11400 528   0  NH3           
2017  188500  554500 7.088E-03  0.590  24.0   1000  12.0   11400 528   0  NH3           
2017  193500  438500 3.962E-04  0.590  24.0   1000  12.0   11400 528   0  NH3           
2017  193500  443500 2.025E-03  0.590  24.0   1000  12.0   11400 528   0  NH3           
2017  195500  469500 3.962E-04  0.590  24.0   1000  12.0   11400 528   0  NH3           
2017  196500  408500 3.037E-03  0.590  24.0   1000  12.0   11400 528   0  NH3           
2017  196500  474500 3.962E-04  0.590  24.0   1000  12.0   11400 528   0  NH3           
2017  197500  318500 9.113E-03  0.590  24.0   1000  12.0   11400 528   0  NH3           
2017  197500  354500 3.962E-04  0.590  24.0   1000  12.0   11400 528   0  NH3           
2017  197500  356500 3.962E-04  0.590  24.0   1000  12.0   11400 528   0  NH3           
2017  198500  318500 5.943E-04  0.590  24.0   1000  12.0   11400 528   0  NH3           
2017  198500  400500 5.943E-04  0.590  24.0   1000  12.0   11400 528   0  NH3           
2017  198500  442500 1.981E-03  0.590  24.0   1000  12.0   11400 528   0  NH3           
2017  199500  309500 3.962E-04  0.590  24.0   1000  12.0   11400 528   0  NH3           
2017  200500  353500 2.430E-02  0.590  24.0   1000  12.0   11400 528   0  NH3           
2017  200500  360500 1.229E-02  0.590  24.0   1000  12.0   11400 528   0  NH3           
2017  200730  353910 1.870E+00  0.727  85.0      0   0.0   11400 528   0  NH3           
2017  200850  353730 1.900E+00  1.086  50.0      0   0.0   11400 528   0  NH3           
2017  200852  353705 5.013E-02  1.900  10.0      0   0.0   11400 528   0  NH3           
2017  200870  353780 1.857E+00  0.862 100.0      0   0.0   11400 528   0  NH3           
2017  200915  353671 6.691E-01  0.667 100.0      0   0.0   11400 528   0  NH3           
2017  201500  353500 1.823E-02  0.590  24.0   1000  12.0   11400 528   0  NH3           
2017  201500  384500 3.962E-04  0.590  24.0   1000  12.0   11400 528   0  NH3           
2017  201500  494500 9.115E-03  0.590  24.0   1000  12.0   11400 528   0  NH3           
2017  201500  580500 1.417E-02  0.590  24.0   1000  12.0   11400 528   0  NH3           
2017  203500  472500 4.556E-03  0.590  24.0   1000  12.0   11400 528   0  NH3           
2017  205500  488500 1.114E-02  0.590  24.0   1000  12.0   11400 528   0  NH3           
2017  205500  500500 3.765E-03  0.590  24.0   1000  12.0   11400 528   0  NH3           
2017  206500  371500 7.925E-04  0.590  24.0   1000  12.0   11400 528   0  NH3           
2017  207500  522500 6.076E-03  0.590  24.0   1000  12.0   11400 528   0  NH3           
2017  208500  474500 7.925E-04  0.590  24.0   1000  12.0   11400 528   0  NH3           
2017  208500  524500 3.962E-04  0.590  24.0   1000  12.0   11400 528   0  NH3           
2017  209500  375500 3.962E-04  0.590  24.0   1000  12.0   11400 528   0  NH3           
2017  209500  473500 8.102E-03  0.590  24.0   1000  12.0   11400 528   0  NH3           
2017  212500  454500 3.962E-04  0.590  24.0   1000  12.0   11400 528   0  NH3           
2017  213500  526500 3.962E-04  0.590  24.0   1000  12.0   11400 528   0  NH3           
2017  215500  521500 3.962E-04  0.590  24.0   1000  12.0   11400 528   0  NH3           
2017  216500  555500 1.743E-02  0.590  24.0   1000  12.0   11400 528   0  NH3           
2017  217500  440500 7.088E-03  0.590  24.0   1000  12.0   11400 528   0  NH3           
2017  217500  561500 3.962E-04  0.590  24.0   1000  12.0   11400 528   0  NH3           
2017  218500  457500 1.585E-03  0.590  24.0   1000  12.0   11400 528   0  NH3           
2017  219500  495500 8.102E-03  0.590  24.0   1000  12.0   11400 528   0  NH3           
2017  222500  468500 3.962E-04  0.590  24.0   1000  12.0   11400 528   0  NH3           
2017  228500  435500 3.962E-04  0.590  24.0   1000  12.0   11400 528   0  NH3           
2017  228500  581500 2.330E-02  0.590  24.0   1000  12.0   11400 528   0  NH3           
2017  229500  513500 1.387E-03  0.590  24.0   1000  12.0   11400 528   0  NH3           
2017  231500  581500 3.367E-03  0.590  24.0   1000  12.0   11400 528   0  NH3           
2017  232500  481500 3.329E-02  0.590  24.0   1000  12.0   11400 528   0  NH3           
2017  232500  507500 6.076E-03  0.590  24.0   1000  12.0   11400 528   0  NH3           
2017  233500  582500 1.187E-03  0.590  24.0   1000  12.0   11400 528   0  NH3           
2017  237500  492500 1.317E-02  0.590  24.0   1000  12.0   11400 528   0  NH3           
2017  238500  461500 3.962E-04  0.590  24.0   1000  12.0   11400 528   0  NH3           
2017  238500  489500 1.013E-02  0.590  24.0   1000  12.0   11400 528   0  NH3           
2017  238500  492500 3.962E-04  0.590  24.0   1000  12.0   11400 528   0  NH3           
2017  239500  440500 5.943E-04  0.590  24.0   1000  12.0   11400 528   0  NH3           
2017  241500  484500 1.485E-02  0.590  24.0   1000  12.0   11400 528   0  NH3           
2017  242500  576500 9.115E-03  0.590  24.0   1000  12.0   11400 528   0  NH3           
2017  246500  442500 6.076E-03  0.590  24.0   1000  12.0   11400 528   0  NH3           
2017  254500  471500 2.695E-02  0.590  24.0   1000  12.0   11400 528   0  NH3           
2017  254500  473500 4.357E-03  0.590  24.0   1000  12.0   11400 528   0  NH3           
2017  255500  471500 3.037E-03  0.590  24.0   1000  12.0   11400 528   0  NH3           
2017  255500  568500 3.962E-04  0.590  24.0   1000  12.0   11400 528   0  NH3           
2017  256500  573500 3.962E-04  0.590  24.0   1000  12.0   11400 528   0  NH3           
2017  257500  492500 7.925E-04  0.590  24.0   1000  12.0   11400 528   0  NH3           
2017  258500  558500 8.102E-03  0.590  24.0   1000  12.0   11400 528   0  NH3           
2017  259500  530500 1.187E-02  0.590  24.0   1000  12.0   11400 528   0  NH3           
2017  261500  555500 5.064E-03  0.590  24.0   1000  12.0   11400 528   0  NH3           
2017  264500  574500 3.962E-04  0.590  24.0   1000  12.0   11400 528   0  NH3           
2017  188500  414500 3.311E-04  0.050  13.0   1000   6.5   11500 528   0  NH3           
2017   31500  387500 6.020E-05  0.050  13.0   1000   6.5   11500 528   0  NH3           
2017   34500  390500 6.020E-05  0.050  13.0   1000   6.5   11500 528   0  NH3           
2017   38500  386500 3.718E-04  0.050  13.0   1000   6.5   11500 528   0  NH3           
2017   44500  359500 1.204E-03  0.050  13.0   1000   6.5   11500 528   0  NH3           
2017   50500  391500 6.020E-05  0.050  13.0   1000   6.5   11500 528   0  NH3           
2017   54500  407500 3.912E-04  0.050  13.0   1000   6.5   11500 528   0  NH3           
2017   72500  445500 3.548E-04  0.050  13.0   1000   6.5   11500 528   0  NH3           
2017   75500  443500 2.871E-03  0.050  13.0   1000   6.5   11500 528   0  NH3           
2017   76660  433310 1.004E-01  1.068  15.0      0   0.0   11500 528   0  NH3           
2017   78500  394500 3.379E-05  0.050  13.0   1000   6.5   11500 528   0  NH3           
2017   79500  390500 3.009E-04  0.050  13.0   1000   6.5   11500 528   0  NH3           
2017   79500  447500 6.756E-05  0.050  13.0   1000   6.5   11500 528   0  NH3           
2017   80500  400500 1.806E-04  0.050  13.0   1000   6.5   11500 528   0  NH3           
2017   80500  456500 3.718E-04  0.050  13.0   1000   6.5   11500 528   0  NH3           
2017   85500  444500 2.107E-04  0.050  13.0   1000   6.5   11500 528   0  NH3           
2017   87500  468500 6.020E-05  0.050  13.0   1000   6.5   11500 528   0  NH3           
2017   91500  398500 2.027E-04  0.050  13.0   1000   6.5   11500 528   0  NH3           
2017   94500  450500 9.030E-05  0.050  13.0   1000   6.5   11500 528   0  NH3           
2017   95500  403500 1.470E-03  0.050  13.0   1000   6.5   11500 528   0  NH3           
2017   99500  436500 2.107E-04  0.050  13.0   1000   6.5   11500 528   0  NH3           
2017   99500  450500 3.379E-05  0.050  13.0   1000   6.5   11500 528   0  NH3           
2017  100626  499062 1.442E-01 20.736  47.0      9  23.5   11500 528   0  NH3           
2017  101500  396500 3.612E-04  0.050  13.0   1000   6.5   11500 528   0  NH3           
2017  101500  407500 1.506E-04  0.050  13.0   1000   6.5   11500 528   0  NH3           
2017  101738  499634 7.141E-04  0.015  10.0      0   0.0   11500 528   0  NH3           
2017  101848  500250 5.529E-02  0.195   1.0      0   0.0   11500 528   0  NH3           
2017  101878  499848 4.350E-05  0.000   1.0      0   0.0   11500 528   0  NH3           
2017  102273  498765 1.895E-01 12.808  42.0      7  21.0   11500 528   0  NH3           
2017  102500  397500 8.447E-05  0.050  13.0   1000   6.5   11500 528   0  NH3           
2017  102500  406500 1.690E-04  0.050  13.0   1000   6.5   11500 528   0  NH3           
2017  102500  488500 3.311E-04  0.050  13.0   1000   6.5   11500 528   0  NH3           
2017  102698  500735 1.809E-04 20.544  90.0      0   0.0   11500 528   0  NH3           
2017  102725  500730 2.579E-01 60.918  90.0      0   0.0   11500 528   0  NH3           
2017  103850  475580 1.474E-03  0.000  15.0      0   0.0   11500 528   0  NH3           
2017  106500  487500 2.107E-04  0.050  13.0   1000   6.5   11500 528   0  NH3           
2017  107500  434500 1.352E-04  0.050  13.0   1000   6.5   11500 528   0  NH3           
2017  113500  437500 2.107E-04  0.050  13.0   1000   6.5   11500 528   0  NH3           
2017  113500  501500 3.009E-04  0.050  13.0   1000   6.5   11500 528   0  NH3           
2017  116500  494500 2.408E-04  0.050  13.0   1000   6.5   11500 528   0  NH3           
2017  117500  522500 6.020E-05  0.050  13.0   1000   6.5   11500 528   0  NH3           
2017  118500  457500 4.816E-04  0.050  13.0   1000   6.5   11500 528   0  NH3           
2017  124500  487500 6.020E-05  0.050  13.0   1000   6.5   11500 528   0  NH3           
2017  126500  515500 1.521E-04  0.050  13.0   1000   6.5   11500 528   0  NH3           
2017  130500  412500 5.744E-04  0.050  13.0   1000   6.5   11500 528   0  NH3           
2017  133500  411500 4.223E-04  0.050  13.0   1000   6.5   11500 528   0  NH3           
2017  133500  454500 3.548E-03  0.050  13.0   1000   6.5   11500 528   0  NH3           
2017  134500  398500 5.719E-04  0.050  13.0   1000   6.5   11500 528   0  NH3           
2017  134500  457500 5.417E-04  0.050  13.0   1000   6.5   11500 528   0  NH3           
2017  135500  420500 1.204E-04  0.050  13.0   1000   6.5   11500 528   0  NH3           
2017  135500  434500 4.515E-04  0.050  13.0   1000   6.5   11500 528   0  NH3           
2017  135500  516500 3.379E-05  0.050  13.0   1000   6.5   11500 528   0  NH3           
2017  136500  416500 1.352E-04  0.050  13.0   1000   6.5   11500 528   0  NH3           
2017  138500  479500 1.182E-04  0.050  13.0   1000   6.5   11500 528   0  NH3           
2017  145500  387500 1.182E-04  0.050  13.0   1000   6.5   11500 528   0  NH3           
2017  145500  426500 5.117E-04  0.050  13.0   1000   6.5   11500 528   0  NH3           
2017  146500  465500 3.009E-03  0.050  13.0   1000   6.5   11500 528   0  NH3           
2017  146500  491500 6.922E-04  0.050  13.0   1000   6.5   11500 528   0  NH3           
2017  147500  423500 2.919E-03  0.050  13.0   1000   6.5   11500 528   0  NH3           
2017  147500  465500 3.612E-04  0.050  13.0   1000   6.5   11500 528   0  NH3           
2017  147500  522500 4.213E-04  0.050  13.0   1000   6.5   11500 528   0  NH3           
2017  148500  432500 3.912E-04  0.050  13.0   1000   6.5   11500 528   0  NH3           
2017  149500  412500 6.020E-05  0.050  13.0   1000   6.5   11500 528   0  NH3           
2017  154500  462500 6.020E-05  0.050  13.0   1000   6.5   11500 528   0  NH3           
2017  155500  465500 3.379E-05  0.050  13.0   1000   6.5   11500 528   0  NH3           
2017  158500  382500 1.690E-04  0.050  13.0   1000   6.5   11500 528   0  NH3           
2017  158500  429500 2.107E-04  0.050  13.0   1000   6.5   11500 528   0  NH3           
2017  158500  436500 3.311E-04  0.050  13.0   1000   6.5   11500 528   0  NH3           
2017  158500  501500 4.223E-04  0.050  13.0   1000   6.5   11500 528   0  NH3           
2017  161500  385500 1.506E-04  0.050  13.0   1000   6.5   11500 528   0  NH3           
2017  163500  382500 6.020E-05  0.050  13.0   1000   6.5   11500 528   0  NH3           
2017  163500  415500 6.020E-05  0.050  13.0   1000   6.5   11500 528   0  NH3           
2017  163500  427500 3.379E-05  0.050  13.0   1000   6.5   11500 528   0  NH3           
2017  163500  486500 6.020E-05  0.050  13.0   1000   6.5   11500 528   0  NH3           
2017  165500  454500 3.912E-04  0.050  13.0   1000   6.5   11500 528   0  NH3           
2017  166500  421500 5.869E-03  0.050  13.0   1000   6.5   11500 528   0  NH3           
2017  169500  362500 1.521E-04  0.050  13.0   1000   6.5   11500 528   0  NH3           
2017  169900  361000 5.529E-02  0.203  19.0      0   0.0   11500 528   0  NH3           
2017  169900  361000 4.115E-02  0.000   5.0      0   0.0   11500 528   0  NH3           
2017  170500  384500 5.068E-05  0.050  13.0   1000   6.5   11500 528   0  NH3           
2017  171500  387500 1.506E-04  0.050  13.0   1000   6.5   11500 528   0  NH3           
2017  172500  391500 1.506E-04  0.050  13.0   1000   6.5   11500 528   0  NH3           
2017  172500  395500 6.020E-05  0.050  13.0   1000   6.5   11500 528   0  NH3           
2017  172500  416500 2.027E-04  0.050  13.0   1000   6.5   11500 528   0  NH3           
2017  172500  441500 4.515E-04  0.050  13.0   1000   6.5   11500 528   0  NH3           
2017  172500  457500 3.379E-05  0.050  13.0   1000   6.5   11500 528   0  NH3           
2017  172500  485500 7.095E-04  0.050  13.0   1000   6.5   11500 528   0  NH3           
2017  172500  486500 1.690E-03  0.050  13.0   1000   6.5   11500 528   0  NH3           
2017  173500  388500 9.632E-04  0.050  13.0   1000   6.5   11500 528   0  NH3           
2017  173500  391500 5.417E-04  0.050  13.0   1000   6.5   11500 528   0  NH3           
2017  175500  385500 3.942E-03  0.050  13.0   1000   6.5   11500 528   0  NH3           
2017  175500  386500 3.040E-04  0.050  13.0   1000   6.5   11500 528   0  NH3           
2017  176500  461500 5.068E-05  0.050  13.0   1000   6.5   11500 528   0  NH3           
2017  178500  364500 1.013E-04  0.050  13.0   1000   6.5   11500 528   0  NH3           
2017  179500  379500 1.263E-03  0.050  13.0   1000   6.5   11500 528   0  NH3           
2017  179500  426500 1.806E-04  0.050  13.0   1000   6.5   11500 528   0  NH3           
2017  181500  487500 1.054E-03  0.050  13.0   1000   6.5   11500 528   0  NH3           
2017  182500  330500 1.263E-03  0.050  13.0   1000   6.5   11500 528   0  NH3           
2017  183500  385500 2.107E-04  0.050  13.0   1000   6.5   11500 528   0  NH3           
2017  185500  552500 5.068E-05  0.050  13.0   1000   6.5   11500 528   0  NH3           
2017  187500  357500 1.806E-04  0.050  13.0   1000   6.5   11500 528   0  NH3           
2017  188500  342500 6.020E-05  0.050  13.0   1000   6.5   11500 528   0  NH3           
2017  191500  380500 6.020E-05  0.050  13.0   1000   6.5   11500 528   0  NH3           
2017  191500  436500 4.562E-04  0.050  13.0   1000   6.5   11500 528   0  NH3           
2017  192500  329500 6.020E-05  0.050  13.0   1000   6.5   11500 528   0  NH3           
2017  192500  549500 8.728E-04  0.050  13.0   1000   6.5   11500 528   0  NH3           
2017  193500  432500 1.013E-04  0.050  13.0   1000   6.5   11500 528   0  NH3           
2017  193930  324460 1.239E-03  0.239  25.0      0   0.0   11500 528   0  NH3           
2017  193931  324330 7.305E-03  0.316  25.0      0   0.0   11500 528   0  NH3           
2017  195500  466500 1.841E-03  0.050  13.0   1000   6.5   11500 528   0  NH3           
2017  196500  322500 6.020E-05  0.050  13.0   1000   6.5   11500 528   0  NH3           
2017  196500  394500 1.013E-04  0.050  13.0   1000   6.5   11500 528   0  NH3           
2017  196500  408500 3.800E-03  0.050  13.0   1000   6.5   11500 528   0  NH3           
2017  196500  479500 2.365E-04  0.050  13.0   1000   6.5   11500 528   0  NH3           
2017  200500  318500 2.107E-04  0.050  13.0   1000   6.5   11500 528   0  NH3           
2017  200500  402500 3.009E-04  0.050  13.0   1000   6.5   11500 528   0  NH3           
2017  200500  569500 6.419E-04  0.050  13.0   1000   6.5   11500 528   0  NH3           
2017  201500  374500 1.475E-03  0.050  13.0   1000   6.5   11500 528   0  NH3           
2017  203500  503500 6.020E-05  0.050  13.0   1000   6.5   11500 528   0  NH3           
2017  204500  372500 8.728E-04  0.050  13.0   1000   6.5   11500 528   0  NH3           
2017  205500  500500 9.030E-05  0.050  13.0   1000   6.5   11500 528   0  NH3           
2017  206112  447069 2.983E-03  0.120  13.0      0   0.0   11500 528   0  NH3           
2017  206112  447069 2.882E-03  0.285  25.0      0   0.0   11500 528   0  NH3           
2017  206500  497500 1.204E-04  0.050  13.0   1000   6.5   11500 528   0  NH3           
2017  207500  377500 4.094E-03  0.050  13.0   1000   6.5   11500 528   0  NH3           
2017  207500  378500 1.444E-03  0.050  13.0   1000   6.5   11500 528   0  NH3           
2017  208500  377500 3.514E-03  0.050  13.0   1000   6.5   11500 528   0  NH3           
2017  210500  472500 3.009E-04  0.050  13.0   1000   6.5   11500 528   0  NH3           
2017  210500  473500 5.267E-03  0.050  13.0   1000   6.5   11500 528   0  NH3           
2017  214500  444500 2.950E-03  0.050  13.0   1000   6.5   11500 528   0  NH3           
2017  216500  583500 6.020E-05  0.050  13.0   1000   6.5   11500 528   0  NH3           
2017  221500  446500 5.068E-05  0.050  13.0   1000   6.5   11500 528   0  NH3           
2017  221500  576500 2.416E-03  0.050  13.0   1000   6.5   11500 528   0  NH3           
2017  223000  437300 7.909E-03  0.118  12.0      0   0.0   11500 528   0  NH3           
2017  223000  437300 2.346E-04  0.026  10.0      0   0.0   11500 528   0  NH3           
2017  230500  482500 3.040E-04  0.050  13.0   1000   6.5   11500 528   0  NH3           
2017  233500  528500 9.030E-05  0.050  13.0   1000   6.5   11500 528   0  NH3           
2017  235500  478500 4.562E-04  0.050  13.0   1000   6.5   11500 528   0  NH3           
2017  236500  473500 6.589E-04  0.050  13.0   1000   6.5   11500 528   0  NH3           
2017  236500  502500 5.068E-05  0.050  13.0   1000   6.5   11500 528   0  NH3           
2017  237500  462500 6.922E-04  0.050  13.0   1000   6.5   11500 528   0  NH3           
2017  237500  492500 2.408E-04  0.050  13.0   1000   6.5   11500 528   0  NH3           
2017  243500  484500 3.311E-03  0.050  13.0   1000   6.5   11500 528   0  NH3           
2017  244500  576500 3.124E-03  0.050  13.0   1000   6.5   11500 528   0  NH3           
2017  249500  478500 3.009E-04  0.050  13.0   1000   6.5   11500 528   0  NH3           
2017  249500  576500 1.475E-03  0.050  13.0   1000   6.5   11500 528   0  NH3           
2017  250500  473500 2.107E-04  0.050  13.0   1000   6.5   11500 528   0  NH3           
2017  257500  470500 6.020E-05  0.050  13.0   1000   6.5   11500 528   0  NH3           
2017  259500  479500 1.083E-03  0.050  13.0   1000   6.5   11500 528   0  NH3           
2017  259500  480500 1.083E-03  0.050  13.0   1000   6.5   11500 528   0  NH3           
2017  260500  479500 1.806E-04  0.050  13.0   1000   6.5   11500 528   0  NH3           
2017  261500  528500 2.703E-04  0.050  13.0   1000   6.5   11500 528   0  NH3           
2017  261730  526920 3.699E-04  0.000  15.0      0   0.0   11500 528   0  NH3           
2017  261730  526920 9.021E-04  0.000  15.0      0   0.0   11500 528   0  NH3           
2017  261750  526950 3.699E-04  0.000   5.0      0   0.0   11500 528   0  NH3           
2017  261750  526950 1.518E-04  0.000   5.0      0   0.0   11500 528   0  NH3           
2017  266500  574500 5.417E-04  0.050  13.0   1000   6.5   11500 528   0  NH3           
2017  268500  577500 6.020E-05  0.050  13.0   1000   6.5   11500 528   0  NH3           
2017  276500  579500 1.204E-04  0.050  13.0   1000   6.5   11500 528   0  NH3           
2017  177957  356809 1.436E-02  0.537  15.0      0   0.0   11700 528   0  NH3           
2017  208569  377424 6.356E-04  0.000  10.0      0   0.0   11700 528   0  NH3           
2017  236920  579514 5.851E-02  0.281  17.0      0   0.0   11700 528   0  NH3           
2017  158500  381500 2.476E-05  0.280  22.0   1000  11.0   11800 528   0  NH3           
2017  158500  382500 7.078E-06  0.280  22.0   1000  11.0   11800 528   0  NH3           
2017  158500  464500 5.183E-05  0.280  22.0   1000  11.0   11800 528   0  NH3           
2017  158500  501500 1.539E-04  0.280  22.0   1000  11.0   11800 528   0  NH3           
2017  159500  383500 7.078E-06  0.280  22.0   1000  11.0   11800 528   0  NH3           
2017  160500  390500 2.829E-05  0.280  22.0   1000  11.0   11800 528   0  NH3           
2017  160500  401500 6.287E-03  0.280  22.0   1000  11.0   11800 528   0  NH3           
2017  161500  373500 3.891E-05  0.280  22.0   1000  11.0   11800 528   0  NH3           
2017  161500  454500 5.577E-02  0.280  22.0   1000  11.0   11800 528   0  NH3           
2017  161500  472500 1.453E-02  0.280  22.0   1000  11.0   11800 528   0  NH3           
2017  163500  384500 7.078E-06  0.280  22.0   1000  11.0   11800 528   0  NH3           
2017  163500  416500 1.178E-03  0.280  22.0   1000  11.0   11800 528   0  NH3           
2017  164500  389500 7.078E-06  0.280  22.0   1000  11.0   11800 528   0  NH3           
2017  164500  506500 1.309E-04  0.280  22.0   1000  11.0   11800 528   0  NH3           
2017  165500  454500 1.571E-03  0.280  22.0   1000  11.0   11800 528   0  NH3           
2017  167500  419500 1.963E-03  0.280  22.0   1000  11.0   11800 528   0  NH3           
2017  167500  446500 9.500E-05  0.280  22.0   1000  11.0   11800 528   0  NH3           
2017  168500  438500 7.078E-06  0.280  22.0   1000  11.0   11800 528   0  NH3           
2017  169500  405500 7.774E-05  0.280  22.0   1000  11.0   11800 528   0  NH3           
2017  170500  388500 2.476E-05  0.280  22.0   1000  11.0   11800 528   0  NH3           
2017  170500  464500 1.123E-04  0.280  22.0   1000  11.0   11800 528   0  NH3           
2017  171500  393500 7.078E-06  0.280  22.0   1000  11.0   11800 528   0  NH3           
2017  172500  423500 4.148E-04  0.280  22.0   1000  11.0   11800 528   0  NH3           
2017  173500  319500 7.078E-06  0.280  22.0   1000  11.0   11800 528   0  NH3           
2017  173500  450500 3.184E-05  0.280  22.0   1000  11.0   11800 528   0  NH3           
2017  175500  385500 1.727E-04  0.280  22.0   1000  11.0   11800 528   0  NH3           
2017  175500  387500 4.244E-05  0.280  22.0   1000  11.0   11800 528   0  NH3           
2017  176500  432500 7.078E-06  0.280  22.0   1000  11.0   11800 528   0  NH3           
2017  176500  505500 2.476E-05  0.280  22.0   1000  11.0   11800 528   0  NH3           
2017  176620  318700 5.724E-01  0.000   5.0      0   0.0   11800 528   0  NH3           
2017  177500  318500 7.078E-06  0.280  22.0   1000  11.0   11800 528   0  NH3           
2017  177500  377500 7.078E-06  0.280  22.0   1000  11.0   11800 528   0  NH3           
2017  177500  397500 1.963E-02  0.280  22.0   1000  11.0   11800 528   0  NH3           
2017  178450  442450 1.274E-01  1.448  60.0      0   0.0   11800 528   0  NH3           
2017  178500  363500 7.078E-06  0.280  22.0   1000  11.0   11800 528   0  NH3           
2017  179500  374500 9.195E-05  0.280  22.0   1000  11.0   11800 528   0  NH3           
2017  179500  460500 7.078E-06  0.280  22.0   1000  11.0   11800 528   0  NH3           
2017  180500  325500 7.078E-06  0.280  22.0   1000  11.0   11800 528   0  NH3           
2017  180500  380500 4.321E-03  0.280  22.0   1000  11.0   11800 528   0  NH3           
2017  180500  425500 1.727E-05  0.280  22.0   1000  11.0   11800 528   0  NH3           
2017  181500  443500 3.714E-04  0.280  22.0   1000  11.0   11800 528   0  NH3           
2017  184728  428444 7.215E-04  0.000  15.0      7   7.5   11800 528   0  NH3           
2017  184728  428437 7.215E-04  0.000  15.0      7   7.5   11800 528   0  NH3           
2017  184735  428437 7.215E-04  0.000  15.0      7   7.5   11800 528   0  NH3           
2017  184735  428444 7.215E-04  0.000  15.0      7   7.5   11800 528   0  NH3           
2017  184742  428444 7.215E-04  0.000  15.0      7   7.5   11800 528   0  NH3           
2017  184742  428437 7.215E-04  0.000  15.0      7   7.5   11800 528   0  NH3           
2017  184749  428444 7.215E-04  0.000  15.0      7   7.5   11800 528   0  NH3           
2017  184749  428437 7.215E-04  0.000  15.0      7   7.5   11800 528   0  NH3           
2017  184756  428444 7.215E-04  0.000  15.0      7   7.5   11800 528   0  NH3           
2017  184756  428437 7.215E-04  0.000  15.0      7   7.5   11800 528   0  NH3           
2017  184763  428437 7.215E-04  0.000  15.0      7   7.5   11800 528   0  NH3           
2017  184763  428444 7.215E-04  0.000  15.0      7   7.5   11800 528   0  NH3           
2017  184770  428444 7.215E-04  0.000  15.0      7   7.5   11800 528   0  NH3           
2017  184770  428437 7.215E-04  0.000  15.0      7   7.5   11800 528   0  NH3           
2017  184777  428444 7.215E-04  0.000  15.0      7   7.5   11800 528   0  NH3           
2017  184777  428437 7.215E-04  0.000  15.0      7   7.5   11800 528   0  NH3           
2017  184784  428444 7.215E-04  0.000  15.0      7   7.5   11800 528   0  NH3           
2017  184784  428437 7.215E-04  0.000  15.0      7   7.5   11800 528   0  NH3           
2017  184791  428437 7.215E-04  0.000  15.0      7   7.5   11800 528   0  NH3           
2017  184791  428444 7.215E-04  0.000  15.0      7   7.5   11800 528   0  NH3           
2017  184798  428444 7.215E-04  0.000  15.0      7   7.5   11800 528   0  NH3           
2017  184798  428437 7.215E-04  0.000  15.0      7   7.5   11800 528   0  NH3           
2017  184805  428444 7.215E-04  0.000  15.0      7   7.5   11800 528   0  NH3           
2017  184805  428437 7.215E-04  0.000  15.0      7   7.5   11800 528   0  NH3           
2017  184812  428444 7.215E-04  0.000  15.0      7   7.5   11800 528   0  NH3           
2017  184812  428437 7.215E-04  0.000  15.0      7   7.5   11800 528   0  NH3           
2017  184819  428437 7.215E-04  0.000  15.0      7   7.5   11800 528   0  NH3           
2017  184819  428444 7.215E-04  0.000  15.0      7   7.5   11800 528   0  NH3           
2017  184826  428444 7.215E-04  0.000  15.0      7   7.5   11800 528   0  NH3           
2017  184826  428437 7.215E-04  0.000  15.0      7   7.5   11800 528   0  NH3           
2017  184833  428444 7.215E-04  0.000  15.0      7   7.5   11800 528   0  NH3           
2017  184833  428437 7.215E-04  0.000  15.0      7   7.5   11800 528   0  NH3           
2017  184840  428444 7.215E-04  0.000  15.0      7   7.5   11800 528   0  NH3           
2017  184840  428437 7.215E-04  0.000  15.0      7   7.5   11800 528   0  NH3           
2017  184847  428437 7.215E-04  0.000  15.0      7   7.5   11800 528   0  NH3           
2017  184847  428444 7.215E-04  0.000  15.0      7   7.5   11800 528   0  NH3           
2017  184854  428444 7.215E-04  0.000  15.0      7   7.5   11800 528   0  NH3           
2017  184854  428437 7.215E-04  0.000  15.0      7   7.5   11800 528   0  NH3           
2017  184861  428444 7.215E-04  0.000  15.0      7   7.5   11800 528   0  NH3           
2017  184861  428437 7.215E-04  0.000  15.0      7   7.5   11800 528   0  NH3           
2017  184868  428437 7.215E-04  0.000  15.0      7   7.5   11800 528   0  NH3           
2017  184868  428444 7.215E-04  0.000  15.0      7   7.5   11800 528   0  NH3           
2017  186500  334500 1.061E-05  0.280  22.0   1000  11.0   11800 528   0  NH3           
2017  186500  354500 2.591E-05  0.280  22.0   1000  11.0   11800 528   0  NH3           
2017  187500  436500 3.454E-05  0.280  22.0   1000  11.0   11800 528   0  NH3           
2017  188500  342500 2.829E-05  0.280  22.0   1000  11.0   11800 528   0  NH3           
2017  188500  415500 1.415E-05  0.280  22.0   1000  11.0   11800 528   0  NH3           
2017  188500  436500 1.769E-05  0.280  22.0   1000  11.0   11800 528   0  NH3           
2017  189500  373500 7.078E-06  0.280  22.0   1000  11.0   11800 528   0  NH3           
2017  189500  491500 1.554E-04  0.280  22.0   1000  11.0   11800 528   0  NH3           
2017  191500  345500 1.415E-05  0.280  22.0   1000  11.0   11800 528   0  NH3           
2017  191500  363500 7.078E-06  0.280  22.0   1000  11.0   11800 528   0  NH3           
2017  192500  506500 1.061E-05  0.280  22.0   1000  11.0   11800 528   0  NH3           
2017  193500  405500 3.541E-04  0.280  22.0   1000  11.0   11800 528   0  NH3           
2017  193500  432500 1.061E-04  0.280  22.0   1000  11.0   11800 528   0  NH3           
2017  193500  467500 4.321E-05  0.280  22.0   1000  11.0   11800 528   0  NH3           
2017  193500  468500 7.078E-06  0.280  22.0   1000  11.0   11800 528   0  NH3           
2017  193500  526500 1.178E-02  0.280  22.0   1000  11.0   11800 528   0  NH3           
2017  194500  481500 7.078E-06  0.280  22.0   1000  11.0   11800 528   0  NH3           
2017  195500  472500 2.122E-05  0.280  22.0   1000  11.0   11800 528   0  NH3           
2017  196500  467500 7.078E-06  0.280  22.0   1000  11.0   11800 528   0  NH3           
2017  196500  472500 1.061E-05  0.280  22.0   1000  11.0   11800 528   0  NH3           
2017  196500  479500 2.591E-05  0.280  22.0   1000  11.0   11800 528   0  NH3           
2017  196500  577500 5.183E-04  0.280  22.0   1000  11.0   11800 528   0  NH3           
2017  197500  317500 1.769E-03  0.280  22.0   1000  11.0   11800 528   0  NH3           
2017  197500  321500 2.749E-03  0.280  22.0   1000  11.0   11800 528   0  NH3           
2017  197500  372500 4.321E-05  0.280  22.0   1000  11.0   11800 528   0  NH3           
2017  198500  515500 3.142E-03  0.280  22.0   1000  11.0   11800 528   0  NH3           
2017  199500  515500 9.110E-02  0.280  22.0   1000  11.0   11800 528   0  NH3           
2017  200500  321500 2.159E-04  0.280  22.0   1000  11.0   11800 528   0  NH3           
2017  200500  456500 1.727E-05  0.280  22.0   1000  11.0   11800 528   0  NH3           
2017  200500  514500 8.286E-02  0.280  22.0   1000  11.0   11800 528   0  NH3           
2017  200500  515500 1.894E-01  0.280  22.0   1000  11.0   11800 528   0  NH3           
2017  200500  569500 3.454E-05  0.280  22.0   1000  11.0   11800 528   0  NH3           
2017  202500  510500 6.949E-02  0.280  22.0   1000  11.0   11800 528   0  NH3           
2017  203500  476500 7.078E-06  0.280  22.0   1000  11.0   11800 528   0  NH3           
2017  203500  510500 1.885E-02  0.280  22.0   1000  11.0   11800 528   0  NH3           
2017  204500  504500 1.769E-05  0.280  22.0   1000  11.0   11800 528   0  NH3           
2017  205500  500500 2.122E-05  0.280  22.0   1000  11.0   11800 528   0  NH3           
2017  206500  377500 3.887E-04  0.280  22.0   1000  11.0   11800 528   0  NH3           
2017  206500  576500 7.078E-06  0.280  22.0   1000  11.0   11800 528   0  NH3           
2017  207500  372500 7.078E-06  0.280  22.0   1000  11.0   11800 528   0  NH3           
2017  207500  457500 7.781E-05  0.280  22.0   1000  11.0   11800 528   0  NH3           
2017  209500  472500 1.415E-05  0.280  22.0   1000  11.0   11800 528   0  NH3           
2017  210500  463500 6.048E-05  0.280  22.0   1000  11.0   11800 528   0  NH3           
2017  213500  511500 8.028E-04  0.280  22.0   1000  11.0   11800 528   0  NH3           
2017  215500  431500 1.641E-04  0.280  22.0   1000  11.0   11800 528   0  NH3           
2017  218500  495500 7.078E-06  0.280  22.0   1000  11.0   11800 528   0  NH3           
2017  223500  584500 7.078E-06  0.280  22.0   1000  11.0   11800 528   0  NH3           
2017  228500  455500 1.036E-04  0.280  22.0   1000  11.0   11800 528   0  NH3           
2017  229380  485900 1.891E-01  0.000   5.0      0   0.0   11800 528   0  NH3           
2017  229500  527500 8.635E-04  0.280  22.0   1000  11.0   11800 528   0  NH3           
2017  231500  481500 1.769E-05  0.280  22.0   1000  11.0   11800 528   0  NH3           
2017  232500  468500 2.228E-04  0.280  22.0   1000  11.0   11800 528   0  NH3           
2017  233500  581500 1.061E-05  0.280  22.0   1000  11.0   11800 528   0  NH3           
2017  235500  579500 7.078E-06  0.280  22.0   1000  11.0   11800 528   0  NH3           
2017  236500  436500 3.538E-05  0.280  22.0   1000  11.0   11800 528   0  NH3           
2017  236500  437500 8.245E-03  0.280  22.0   1000  11.0   11800 528   0  NH3           
2017  236500  473500 4.597E-05  0.280  22.0   1000  11.0   11800 528   0  NH3           
2017  236500  581500 2.829E-05  0.280  22.0   1000  11.0   11800 528   0  NH3           
2017  239500  440500 1.727E-05  0.280  22.0   1000  11.0   11800 528   0  NH3           
2017  241500  482500 7.078E-06  0.280  22.0   1000  11.0   11800 528   0  NH3           
2017  245500  576500 7.078E-06  0.280  22.0   1000  11.0   11800 528   0  NH3           
2017  247500  443500 2.356E-03  0.280  22.0   1000  11.0   11800 528   0  NH3           
2017  248500  475500 2.591E-05  0.280  22.0   1000  11.0   11800 528   0  NH3           
2017  249500  472500 3.454E-05  0.280  22.0   1000  11.0   11800 528   0  NH3           
2017  252500  470500 7.428E-05  0.280  22.0   1000  11.0   11800 528   0  NH3           
2017  253500  593500 1.986E-03  0.280  22.0   1000  11.0   11800 528   0  NH3           
2017  259500  471500 7.078E-06  0.280  22.0   1000  11.0   11800 528   0  NH3           
2017  261500  471500 6.015E-05  0.280  22.0   1000  11.0   11800 528   0  NH3           
2017  261500  472500 2.829E-05  0.280  22.0   1000  11.0   11800 528   0  NH3           
2017  262500  471500 3.924E-04  0.280  22.0   1000  11.0   11800 528   0  NH3           
2017  262500  569500 8.893E-04  0.280  22.0   1000  11.0   11800 528   0  NH3           
2017  264500  536500 1.061E-05  0.280  22.0   1000  11.0   11800 528   0  NH3           
2017   61500  426500 1.415E-05  0.280  22.0   1000  11.0   11800 528   0  NH3           
2017   70500  448500 7.078E-06  0.280  22.0   1000  11.0   11800 528   0  NH3           
2017   74500  441500 5.183E-05  0.280  22.0   1000  11.0   11800 528   0  NH3           
2017   78500  457500 7.078E-06  0.280  22.0   1000  11.0   11800 528   0  NH3           
2017   79500  454500 7.078E-06  0.280  22.0   1000  11.0   11800 528   0  NH3           
2017   79500  455500 6.048E-05  0.280  22.0   1000  11.0   11800 528   0  NH3           
2017   80500  455500 4.321E-05  0.280  22.0   1000  11.0   11800 528   0  NH3           
2017   80500  456500 1.727E-05  0.280  22.0   1000  11.0   11800 528   0  NH3           
2017   82500  435500 1.380E-04  0.280  22.0   1000  11.0   11800 528   0  NH3           
2017   85500  392500 1.727E-05  0.280  22.0   1000  11.0   11800 528   0  NH3           
2017   88500  426500 3.538E-05  0.280  22.0   1000  11.0   11800 528   0  NH3           
2017   88500  438500 7.078E-06  0.280  22.0   1000  11.0   11800 528   0  NH3           
2017   89500  468500 4.748E-04  0.280  22.0   1000  11.0   11800 528   0  NH3           
2017   92500  462500 2.122E-05  0.280  22.0   1000  11.0   11800 528   0  NH3           
2017   92500  463500 7.851E-04  0.280  22.0   1000  11.0   11800 528   0  NH3           
2017   94500  430500 1.061E-05  0.280  22.0   1000  11.0   11800 528   0  NH3           
2017   94500  434500 1.061E-05  0.280  22.0   1000  11.0   11800 528   0  NH3           
2017   94500  451500 1.382E-04  0.280  22.0   1000  11.0   11800 528   0  NH3           
2017   95500  454500 1.415E-05  0.280  22.0   1000  11.0   11800 528   0  NH3           
2017   96500  436500 1.382E-04  0.280  22.0   1000  11.0   11800 528   0  NH3           
2017   96500  487500 1.415E-05  0.280  22.0   1000  11.0   11800 528   0  NH3           
2017  101500  422500 4.321E-05  0.280  22.0   1000  11.0   11800 528   0  NH3           
2017  101500  496500 5.183E-05  0.280  22.0   1000  11.0   11800 528   0  NH3           
2017  102500  406500 2.356E-03  0.280  22.0   1000  11.0   11800 528   0  NH3           
2017  102500  425500 2.936E-04  0.280  22.0   1000  11.0   11800 528   0  NH3           
2017  103500  398500 7.078E-06  0.280  22.0   1000  11.0   11800 528   0  NH3           
2017  103500  460500 1.061E-05  0.280  22.0   1000  11.0   11800 528   0  NH3           
2017  104500  473500 4.321E-05  0.280  22.0   1000  11.0   11800 528   0  NH3           
2017  105500  490500 4.921E-04  0.280  22.0   1000  11.0   11800 528   0  NH3           
2017  107500  435500 2.122E-05  0.280  22.0   1000  11.0   11800 528   0  NH3           
2017  108500  465500 7.078E-06  0.280  22.0   1000  11.0   11800 528   0  NH3           
2017  108500  479500 1.415E-05  0.280  22.0   1000  11.0   11800 528   0  NH3           
2017  108500  511500 1.061E-05  0.280  22.0   1000  11.0   11800 528   0  NH3           
2017  109500  486500 2.829E-05  0.280  22.0   1000  11.0   11800 528   0  NH3           
2017  111500  399500 7.078E-06  0.280  22.0   1000  11.0   11800 528   0  NH3           
2017  112500  399500 1.061E-05  0.280  22.0   1000  11.0   11800 528   0  NH3           
2017  112500  400500 7.078E-06  0.280  22.0   1000  11.0   11800 528   0  NH3           
2017  112500  501500 3.064E-02  0.280  22.0   1000  11.0   11800 528   0  NH3           
2017  113500  464500 7.078E-05  0.280  22.0   1000  11.0   11800 528   0  NH3           
2017  113500  502500 6.217E-04  0.280  22.0   1000  11.0   11800 528   0  NH3           
2017  113500  503500 3.184E-05  0.280  22.0   1000  11.0   11800 528   0  NH3           
2017  113500  568500 7.078E-06  0.280  22.0   1000  11.0   11800 528   0  NH3           
2017  114500  483500 7.078E-06  0.280  22.0   1000  11.0   11800 528   0  NH3           
2017  114500  500500 4.748E-04  0.280  22.0   1000  11.0   11800 528   0  NH3           
2017  115500  454500 7.078E-06  0.280  22.0   1000  11.0   11800 528   0  NH3           
2017  115500  493500 1.727E-05  0.280  22.0   1000  11.0   11800 528   0  NH3           
2017  115500  500500 1.554E-04  0.280  22.0   1000  11.0   11800 528   0  NH3           
2017  116500  398500 1.061E-05  0.280  22.0   1000  11.0   11800 528   0  NH3           
2017  116500  472500 1.468E-04  0.280  22.0   1000  11.0   11800 528   0  NH3           
2017  116500  532500 1.769E-05  0.280  22.0   1000  11.0   11800 528   0  NH3           
2017  116500  533500 2.591E-05  0.280  22.0   1000  11.0   11800 528   0  NH3           
2017  119500  404500 7.078E-06  0.280  22.0   1000  11.0   11800 528   0  NH3           
2017  119500  406500 7.078E-06  0.280  22.0   1000  11.0   11800 528   0  NH3           
2017  119500  413500 2.122E-05  0.280  22.0   1000  11.0   11800 528   0  NH3           
2017  119500  480500 7.078E-06  0.280  22.0   1000  11.0   11800 528   0  NH3           
2017  119500  493500 8.462E-04  0.280  22.0   1000  11.0   11800 528   0  NH3           
2017  120500  423500 8.635E-05  0.280  22.0   1000  11.0   11800 528   0  NH3           
2017  120500  482500 1.769E-05  0.280  22.0   1000  11.0   11800 528   0  NH3           
2017  121500  487500 7.078E-06  0.280  22.0   1000  11.0   11800 528   0  NH3           
2017  121500  490500 7.078E-06  0.280  22.0   1000  11.0   11800 528   0  NH3           
2017  122500  404500 7.078E-06  0.280  22.0   1000  11.0   11800 528   0  NH3           
2017  122500  485500 7.078E-06  0.280  22.0   1000  11.0   11800 528   0  NH3           
2017  123500  482500 2.591E-05  0.280  22.0   1000  11.0   11800 528   0  NH3           
2017  123500  485500 1.769E-05  0.280  22.0   1000  11.0   11800 528   0  NH3           
2017  123500  486500 1.178E-03  0.280  22.0   1000  11.0   11800 528   0  NH3           
2017  124500  427500 1.036E-04  0.280  22.0   1000  11.0   11800 528   0  NH3           
2017  124500  479500 3.184E-05  0.280  22.0   1000  11.0   11800 528   0  NH3           
2017  124500  486500 1.061E-05  0.280  22.0   1000  11.0   11800 528   0  NH3           
2017  125500  425500 7.078E-06  0.280  22.0   1000  11.0   11800 528   0  NH3           
2017  125500  427500 8.635E-05  0.280  22.0   1000  11.0   11800 528   0  NH3           
2017  126500  482500 3.022E-04  0.280  22.0   1000  11.0   11800 528   0  NH3           
2017  128500  400500 2.591E-05  0.280  22.0   1000  11.0   11800 528   0  NH3           
2017  128500  485500 7.078E-06  0.280  22.0   1000  11.0   11800 528   0  NH3           
2017  128500  502500 1.123E-04  0.280  22.0   1000  11.0   11800 528   0  NH3           
2017  129500  408500 3.538E-05  0.280  22.0   1000  11.0   11800 528   0  NH3           
2017  130500  408500 4.244E-05  0.280  22.0   1000  11.0   11800 528   0  NH3           
2017  130500  480500 8.142E-04  0.280  22.0   1000  11.0   11800 528   0  NH3           
2017  131500  458500 1.061E-05  0.280  22.0   1000  11.0   11800 528   0  NH3           
2017  131500  459500 1.963E-03  0.280  22.0   1000  11.0   11800 528   0  NH3           
2017  133500  411500 1.029E-01  0.280  22.0   1000  11.0   11800 528   0  NH3           
2017  133500  520500 3.652E-05  0.280  22.0   1000  11.0   11800 528   0  NH3           
2017  133500  589500 7.078E-06  0.280  22.0   1000  11.0   11800 528   0  NH3           
2017  134500  398500 1.963E-03  0.280  22.0   1000  11.0   11800 528   0  NH3           
2017  134500  455500 7.851E-04  0.280  22.0   1000  11.0   11800 528   0  NH3           
2017  135500  395500 7.078E-06  0.280  22.0   1000  11.0   11800 528   0  NH3           
2017  135500  452500 1.769E-05  0.280  22.0   1000  11.0   11800 528   0  NH3           
2017  136500  398500 3.022E-04  0.280  22.0   1000  11.0   11800 528   0  NH3           
2017  136500  455500 7.078E-06  0.280  22.0   1000  11.0   11800 528   0  NH3           
2017  138500  402500 4.244E-05  0.280  22.0   1000  11.0   11800 528   0  NH3           
2017  140500  412500 4.244E-05  0.280  22.0   1000  11.0   11800 528   0  NH3           
2017  144500  483500 7.078E-06  0.280  22.0   1000  11.0   11800 528   0  NH3           
2017  146500  465500 3.454E-05  0.280  22.0   1000  11.0   11800 528   0  NH3           
2017  146500  490500 4.321E-05  0.280  22.0   1000  11.0   11800 528   0  NH3           
2017  149500  411500 1.061E-05  0.280  22.0   1000  11.0   11800 528   0  NH3           
2017  151500  369500 7.078E-06  0.280  22.0   1000  11.0   11800 528   0  NH3           
2017  153500  464500 1.226E-03  0.280  22.0   1000  11.0   11800 528   0  NH3           
2017  154500  408500 7.078E-06  0.280  22.0   1000  11.0   11800 528   0  NH3           
2017  155500  390500 7.851E-03  0.280  22.0   1000  11.0   11800 528   0  NH3           
2017  155500  463500 7.851E-04  0.280  22.0   1000  11.0   11800 528   0  NH3           
2017  156500  390500 7.078E-06  0.280  22.0   1000  11.0   11800 528   0  NH3           
2017  157500  388500 4.597E-05  0.280  22.0   1000  11.0   11800 528   0  NH3           
2017  157500  404500 3.538E-05  0.280  22.0   1000  11.0   11800 528   0  NH3           
