2017  183050  428630 1.164E-02  4.000  80.0      0   0.0   05000 528   0  NH3           
2017  183500  428500 3.891E-01  0.000  20.0   1000  10.0   05000 528   0  NH3           
2017  184500  384500 4.352E-01  0.000  20.0   1000  10.0   05000 528   0  NH3           
2017  197134  442636 2.785E-03  2.210  90.0      0   0.0   05000 528   0  NH3           
2017  197134  442636 1.101E-02  2.313  90.0      0   0.0   05000 528   0  NH3           
2017  197134  442636 5.524E-03  2.003  90.0      0   0.0   05000 528   0  NH3           
2017  197134  442636 3.959E-03  2.313  90.0      0   0.0   05000 528   0  NH3           
2017  197134  442636 1.001E-03  2.210  90.0      0   0.0   05000 528   0  NH3           
2017  197134  442636 1.987E-03  2.003  90.0      0   0.0   05000 528   0  NH3           
2017  197200  442790 1.423E-02  3.296  90.0      0   0.0   05000 528   0  NH3           
2017  197200  442790 3.959E-02  3.296  90.0      0   0.0   05000 528   0  NH3           
2017  197200  442790 1.638E-01  0.327  90.0      0   0.0   05000 528   0  NH3           
2017  197200  442790 5.888E-02  0.327  90.0      0   0.0   05000 528   0  NH3           
