snr    x(m)    y(m)   q(g/s)   hc(MW)  h(m)   r(m)  s(m) dv  cat area  ps component     bronomschrijving
2017   33500  391500 5.278E-03  0.500   3.5   1000   1.8   05000 528   0  NOx           
2017   38500  384500 2.111E-03  0.500   3.5   1000   1.8   05000 528   0  NOx           
2017   39500  387500 1.977E-01  0.500   3.5   1000   1.8   05000 528   0  NOx           
2017   40500  384500 6.334E-03  0.500   3.5   1000   1.8   05000 528   0  NOx           
2017   40500  385500 7.479E-02  0.500   3.5   1000   1.8   05000 528   0  NOx           
2017   45500  387500 2.111E-03  0.500   3.5   1000   1.8   05000 528   0  NOx           
2017   47500  366500 1.002E-01  0.500   3.5   1000   1.8   05000 528   0  NOx           
2017   48500  367500 1.876E-02  0.500   3.5   1000   1.8   05000 528   0  NOx           
2017   50500  390500 4.855E-02  0.500   3.5   1000   1.8   05000 528   0  NOx           
2017   61500  386500 2.111E-03  0.500   3.5   1000   1.8   05000 528   0  NOx           
2017   63500  365500 2.111E-03  0.500   3.5   1000   1.8   05000 528   0  NOx           
2017   70500  442500 1.583E-02  0.500   3.5   1000   1.8   05000 528   0  NOx           
2017   71500  441500 5.867E-03  0.500   3.5   1000   1.8   05000 528   0  NOx           
2017   71500  448500 2.111E-03  0.500   3.5   1000   1.8   05000 528   0  NOx           
2017   74500  448500 2.111E-03  0.500   3.5   1000   1.8   05000 528   0  NOx           
2017   75500  436500 2.111E-03  0.500   3.5   1000   1.8   05000 528   0  NOx           
2017   77500  433500 4.223E-03  0.500   3.5   1000   1.8   05000 528   0  NOx           
2017   78367  434831 2.649E+00  1.052  80.0      0   0.0   05000 528   0  NOx           
2017   78401  434827 1.144E+00  2.415  50.0      0   0.0   05000 528   0  NOx           
2017   78538  434949 1.284E+01 34.310  75.0      0   0.0   05000 528   0  NOx           
2017   80500  447500 1.583E-02  0.500   3.5   1000   1.8   05000 528   0  NOx           
2017   81500  455500 3.695E-02  0.500   3.5   1000   1.8   05000 528   0  NOx           
2017   82500  391500 1.287E-01  0.500   3.5   1000   1.8   05000 528   0  NOx           
2017   82500  433500 4.539E-02  0.500   3.5   1000   1.8   05000 528   0  NOx           
2017   84500  436500 2.111E-03  0.500   3.5   1000   1.8   05000 528   0  NOx           
2017   85500  407500 4.645E-02  0.500   3.5   1000   1.8   05000 528   0  NOx           
2017   86500  434500 3.167E-03  0.500   3.5   1000   1.8   05000 528   0  NOx           
2017   86500  435500 3.167E-03  0.500   3.5   1000   1.8   05000 528   0  NOx           
2017   87500  438500 2.111E-03  0.500   3.5   1000   1.8   05000 528   0  NOx           
2017   88500  438500 9.501E-03  0.500   3.5   1000   1.8   05000 528   0  NOx           
2017   89500  426500 7.390E-03  0.500   3.5   1000   1.8   05000 528   0  NOx           
2017   89500  431500 1.899E-02  0.500   3.5   1000   1.8   05000 528   0  NOx           
2017   89550  395830 2.111E+00  7.987  80.0      0   0.0   05000 528   0  NOx           
2017   89550  395830 2.111E+00  7.647  80.0      0   0.0   05000 528   0  NOx           
2017   90500  469500 9.501E-03  0.500   3.5   1000   1.8   05000 528   0  NOx           
2017   92500  397500 9.501E-03  0.500   3.5   1000   1.8   05000 528   0  NOx           
2017   93500  402500 3.273E-02  0.500   3.5   1000   1.8   05000 528   0  NOx           
2017   95500  444500 1.760E-02  0.500   3.5   1000   1.8   05000 528   0  NOx           
2017   95500  463500 2.323E-02  0.500   3.5   1000   1.8   05000 528   0  NOx           
2017   97500  418500 4.223E-03  0.500   3.5   1000   1.8   05000 528   0  NOx           
2017   97500  451500 3.167E-03  0.500   3.5   1000   1.8   05000 528   0  NOx           
2017   99196  411514 1.083E+00  4.800  60.0      0   0.0   05000 528   0  NOx           
2017   99289  410805 1.184E+01  9.248  80.0      0   0.0   05000 528   0  NOx           
2017   99500  408500 7.448E-02  0.500   3.5   1000   1.8   05000 528   0  NOx           
2017   99500  409500 8.128E-02  0.500   3.5   1000   1.8   05000 528   0  NOx           
2017   99500  411500 1.189E-01  0.500   3.5   1000   1.8   05000 528   0  NOx           
2017  100500  407500 4.223E-03  0.500   3.5   1000   1.8   05000 528   0  NOx           
2017  100500  410500 1.689E-02  0.500   3.5   1000   1.8   05000 528   0  NOx           
2017  100500  496500 1.056E-02  0.500   3.5   1000   1.8   05000 528   0  NOx           
2017  100531  411981 6.792E+00  2.500  60.0      0   0.0   05000 528   0  NOx           
2017  100541  411967 6.862E-02  0.000  30.0      0   0.0   05000 528   0  NOx           
2017  101500  412500 6.334E-03  0.500   3.5   1000   1.8   05000 528   0  NOx           
2017  102500  422500 6.334E-03  0.500   3.5   1000   1.8   05000 528   0  NOx           
2017  103500  423500 2.111E-03  0.500   3.5   1000   1.8   05000 528   0  NOx           
2017  103500  498500 1.161E-01  0.500   3.5   1000   1.8   05000 528   0  NOx           
2017  104500  429500 2.111E-03  0.500   3.5   1000   1.8   05000 528   0  NOx           
2017  105500  458500 9.288E-02  0.500   3.5   1000   1.8   05000 528   0  NOx           
2017  106500  397500 5.278E-03  0.500   3.5   1000   1.8   05000 528   0  NOx           
2017  106500  475500 7.390E-03  0.500   3.5   1000   1.8   05000 528   0  NOx           
2017  106500  486500 3.167E-03  0.500   3.5   1000   1.8   05000 528   0  NOx           
2017  106500  491500 3.046E-02  0.500   3.5   1000   1.8   05000 528   0  NOx           
2017  108500  425500 5.278E-03  0.500   3.5   1000   1.8   05000 528   0  NOx           
2017  108500  487500 3.167E-03  0.500   3.5   1000   1.8   05000 528   0  NOx           
2017  109500  400500 2.111E-03  0.500   3.5   1000   1.8   05000 528   0  NOx           
2017  109500  476500 7.920E-02  0.500   3.5   1000   1.8   05000 528   0  NOx           
2017  110200  425450 1.971E-01  2.975  60.0      0   0.0   05000 528   0  NOx           
2017  110200  425450 1.958E-02  0.000   5.0      0   0.0   05000 528   0  NOx           
2017  110212  425400 3.889E+00  8.008  80.0      0   0.0   05000 528   0  NOx           
2017  110420  425520 1.264E+00  3.119  80.0      0   0.0   05000 528   0  NOx           
2017  110500  494500 3.251E-01  0.500   3.5   1000   1.8   05000 528   0  NOx           
2017  111500  425500 3.158E-01  0.500   3.5   1000   1.8   05000 528   0  NOx           
2017  111500  427500 5.278E-03  0.500   3.5   1000   1.8   05000 528   0  NOx           
2017  112500  401500 1.056E-02  0.500   3.5   1000   1.8   05000 528   0  NOx           
2017  112500  402500 2.111E-03  0.500   3.5   1000   1.8   05000 528   0  NOx           
2017  112500  512500 2.931E-02  0.500   3.5   1000   1.8   05000 528   0  NOx           
2017  112500  513500 3.167E-03  0.500   3.5   1000   1.8   05000 528   0  NOx           
2017  112500  514500 6.334E-03  0.500   3.5   1000   1.8   05000 528   0  NOx           
2017  112698  513765 1.671E+00  5.064  80.0      0   0.0   05000 528   0  NOx           
2017  112698  513765 1.548E+00  5.111  80.0      0   0.0   05000 528   0  NOx           
2017  112698  513765 8.660E-01  2.729  80.0      0   0.0   05000 528   0  NOx           
2017  112698  513765 1.765E+00  5.464  80.0      0   0.0   05000 528   0  NOx           
2017  112698  513765 2.597E+00  2.866  80.0      0   0.0   05000 528   0  NOx           
2017  113500  486500 2.111E-03  0.500   3.5   1000   1.8   05000 528   0  NOx           
2017  113500  489500 2.639E-02  0.500   3.5   1000   1.8   05000 528   0  NOx           
2017  113500  490500 2.111E-03  0.500   3.5   1000   1.8   05000 528   0  NOx           
2017  113500  503500 3.061E-02  0.500   3.5   1000   1.8   05000 528   0  NOx           
2017  114425  490500 1.449E+00  1.025  46.0      0   0.0   05000 528   0  NOx           
2017  114450  490500 9.288E+00  4.100 100.0      0   0.0   05000 528   0  NOx           
2017  114500  450500 2.111E-03  0.500   3.5   1000   1.8   05000 528   0  NOx           
2017  114500  492500 4.434E-02  0.500   3.5   1000   1.8   05000 528   0  NOx           
2017  114500  493500 6.334E-03  0.500   3.5   1000   1.8   05000 528   0  NOx           
2017  114500  547500 5.278E-03  0.500   3.5   1000   1.8   05000 528   0  NOx           
2017  114552  490378 1.024E+01  2.557 100.0      0   0.0   05000 528   0  NOx           
2017  115500  491500 2.323E-02  0.500   3.5   1000   1.8   05000 528   0  NOx           
2017  115642  490396 2.690E-01  0.377  16.0      0   0.0   05000 528   0  NOx           
2017  115648  490286 8.172E-01  1.503  25.0      0   0.0   05000 528   0  NOx           
2017  115648  490286 5.716E-01  1.124  25.0      0   0.0   05000 528   0  NOx           
2017  115656  490542 4.826E-01  0.408  16.0      0   0.0   05000 528   0  NOx           
