snr    x(m)    y(m)   q(g/s)   hc(MW)  h(m)   r(m)  s(m) dv  cat area  ps component     bronomschrijving
2017   40500  385500 4.724E-01  0.000  20.0   1000  10.0   05000 528   0  NH3           
2017   71500  441500 3.705E-02  0.000  20.0   1000  10.0   05000 528   0  NH3           
2017   78367  434831 1.289E-01  1.052  80.0      0   0.0   05000 528   0  NH3           
2017   78538  434949 1.163E+00 34.310  75.0      0   0.0   05000 528   0  NH3           
2017   95500  444500 1.112E-01  0.000  20.0   1000  10.0   05000 528   0  NH3           
2017   99289  410805 4.306E-01  9.248  80.0      0   0.0   05000 528   0  NH3           
2017   99500  411500 7.506E-01  0.000  20.0   1000  10.0   05000 528   0  NH3           
2017  105500  458500 5.467E-01  0.000  20.0   1000  10.0   05000 528   0  NH3           
2017  109500  476500 5.003E-01  0.000  20.0   1000  10.0   05000 528   0  NH3           
2017  112698  513765 7.192E-02  5.464  80.0      0   0.0   05000 528   0  NH3           
2017  112698  513765 1.145E-01  5.111  80.0      0   0.0   05000 528   0  NH3           
2017  112698  513765 4.929E-02  2.729  80.0      0   0.0   05000 528   0  NH3           
2017  112698  513765 1.342E-02  2.866  80.0      0   0.0   05000 528   0  NH3           
