snr    x(m)    y(m)   q(g/s)   hc(MW)  h(m)   r(m)  s(m) dv  cat area  ps component     bronomschrijving
2017  124500  479500 1.585E-04  1.220  50.0   1000  25.0   11100 528   0  NH3           
2017  124500  480500 5.548E-04  1.220  50.0   1000  25.0   11100 528   0  NH3           
2017  124500  482500 5.548E-04  1.220  50.0   1000  25.0   11100 528   0  NH3           
2017  124500  483500 8.717E-04  1.220  50.0   1000  25.0   11100 528   0  NH3           
2017  124500  484500 3.962E-04  1.220  50.0   1000  25.0   11100 528   0  NH3           
2017  124500  485500 6.341E-04  1.220  50.0   1000  25.0   11100 528   0  NH3           
2017  124500  486500 3.407E-03  1.220  50.0   1000  25.0   11100 528   0  NH3           
2017  124500  489500 3.962E-04  1.220  50.0   1000  25.0   11100 528   0  NH3           
2017  124500  490500 7.133E-04  1.220  50.0   1000  25.0   11100 528   0  NH3           
2017  124500  501500 1.189E-03  1.220  50.0   1000  25.0   11100 528   0  NH3           
2017  124500  525500 7.133E-04  1.220  50.0   1000  25.0   11100 528   0  NH3           
2017  124500  528500 3.962E-04  1.220  50.0   1000  25.0   11100 528   0  NH3           
2017  125500  387500 7.926E-04  1.220  50.0   1000  25.0   11100 528   0  NH3           
2017  125500  416500 2.378E-04  1.220  50.0   1000  25.0   11100 528   0  NH3           
2017  125500  424500 3.565E-03  1.220  50.0   1000  25.0   11100 528   0  NH3           
2017  125500  427500 2.378E-04  1.220  50.0   1000  25.0   11100 528   0  NH3           
2017  125500  441500 3.169E-03  1.220  50.0   1000  25.0   11100 528   0  NH3           
2017  125500  450500 4.756E-04  1.220  50.0   1000  25.0   11100 528   0  NH3           
2017  125500  456500 1.189E-03  1.220  50.0   1000  25.0   11100 528   0  NH3           
2017  125500  479500 1.585E-04  1.220  50.0   1000  25.0   11100 528   0  NH3           
2017  125500  480500 1.346E-03  1.220  50.0   1000  25.0   11100 528   0  NH3           
2017  125500  483500 6.341E-04  1.220  50.0   1000  25.0   11100 528   0  NH3           
2017  125500  489500 3.962E-04  1.220  50.0   1000  25.0   11100 528   0  NH3           
2017  125500  500500 3.962E-04  1.220  50.0   1000  25.0   11100 528   0  NH3           
2017  125500  501500 3.169E-04  1.220  50.0   1000  25.0   11100 528   0  NH3           
2017  125500  502500 4.597E-03  1.220  50.0   1000  25.0   11100 528   0  NH3           
2017  125500  515500 1.966E-02  1.220  50.0   1000  25.0   11100 528   0  NH3           
2017  125500  523500 1.030E-03  1.220  50.0   1000  25.0   11100 528   0  NH3           
2017  126500  426500 4.756E-04  1.220  50.0   1000  25.0   11100 528   0  NH3           
2017  126500  427500 1.110E-03  1.220  50.0   1000  25.0   11100 528   0  NH3           
2017  126500  428500 3.169E-04  1.220  50.0   1000  25.0   11100 528   0  NH3           
2017  126500  443500 6.341E-04  1.220  50.0   1000  25.0   11100 528   0  NH3           
2017  126500  444500 3.962E-04  1.220  50.0   1000  25.0   11100 528   0  NH3           
2017  126500  476500 1.110E-03  1.220  50.0   1000  25.0   11100 528   0  NH3           
2017  126500  478500 2.140E-03  1.220  50.0   1000  25.0   11100 528   0  NH3           
2017  126500  479500 5.548E-04  1.220  50.0   1000  25.0   11100 528   0  NH3           
2017  126500  481500 1.585E-04  1.220  50.0   1000  25.0   11100 528   0  NH3           
2017  126500  500500 8.717E-04  1.220  50.0   1000  25.0   11100 528   0  NH3           
2017  126500  502500 3.169E-04  1.220  50.0   1000  25.0   11100 528   0  NH3           
2017  126500  503500 3.169E-04  1.220  50.0   1000  25.0   11100 528   0  NH3           
2017  126500  515500 5.390E-03  1.220  50.0   1000  25.0   11100 528   0  NH3           
2017  126500  524500 3.487E-03  1.220  50.0   1000  25.0   11100 528   0  NH3           
2017  126500  525500 3.169E-04  1.220  50.0   1000  25.0   11100 528   0  NH3           
2017  126500  546500 1.110E-03  1.220  50.0   1000  25.0   11100 528   0  NH3           
2017  127500  386500 2.457E-03  1.220  50.0   1000  25.0   11100 528   0  NH3           
2017  127500  425500 1.585E-04  1.220  50.0   1000  25.0   11100 528   0  NH3           
2017  127500  478500 8.717E-04  1.220  50.0   1000  25.0   11100 528   0  NH3           
2017  127500  481500 1.822E-03  1.220  50.0   1000  25.0   11100 528   0  NH3           
2017  127500  501500 1.189E-03  1.220  50.0   1000  25.0   11100 528   0  NH3           
2017  127500  502500 5.548E-04  1.220  50.0   1000  25.0   11100 528   0  NH3           
2017  127500  503500 1.585E-03  1.220  50.0   1000  25.0   11100 528   0  NH3           
2017  127500  512500 1.585E-04  1.220  50.0   1000  25.0   11100 528   0  NH3           
2017  127500  528500 1.585E-04  1.220  50.0   1000  25.0   11100 528   0  NH3           
2017  128500  400500 4.756E-04  1.220  50.0   1000  25.0   11100 528   0  NH3           
2017  128500  402500 2.805E-02  1.220  50.0   1000  25.0   11100 528   0  NH3           
2017  128500  438500 3.169E-04  1.220  50.0   1000  25.0   11100 528   0  NH3           
2017  128500  463500 3.011E-03  1.220  50.0   1000  25.0   11100 528   0  NH3           
2017  128500  464500 7.926E-04  1.220  50.0   1000  25.0   11100 528   0  NH3           
2017  128500  465500 4.756E-04  1.220  50.0   1000  25.0   11100 528   0  NH3           
2017  128500  489500 3.169E-04  1.220  50.0   1000  25.0   11100 528   0  NH3           
2017  128500  502500 3.962E-04  1.220  50.0   1000  25.0   11100 528   0  NH3           
2017  128500  503500 1.426E-03  1.220  50.0   1000  25.0   11100 528   0  NH3           
2017  128500  509500 1.189E-03  1.220  50.0   1000  25.0   11100 528   0  NH3           
2017  128500  518500 2.457E-03  1.220  50.0   1000  25.0   11100 528   0  NH3           
2017  128500  536500 1.110E-03  1.220  50.0   1000  25.0   11100 528   0  NH3           
2017  129500  392500 6.341E-04  1.220  50.0   1000  25.0   11100 528   0  NH3           
2017  129500  399500 5.548E-04  1.220  50.0   1000  25.0   11100 528   0  NH3           
2017  129500  407500 6.341E-04  1.220  50.0   1000  25.0   11100 528   0  NH3           
2017  129500  408500 7.926E-04  1.220  50.0   1000  25.0   11100 528   0  NH3           
2017  129500  409500 1.030E-03  1.220  50.0   1000  25.0   11100 528   0  NH3           
2017  129500  415500 4.201E-03  1.220  50.0   1000  25.0   11100 528   0  NH3           
2017  129500  454500 1.507E-03  1.220  50.0   1000  25.0   11100 528   0  NH3           
2017  129500  455500 2.378E-04  1.220  50.0   1000  25.0   11100 528   0  NH3           
2017  129500  457500 1.507E-03  1.220  50.0   1000  25.0   11100 528   0  NH3           
2017  129500  458500 1.585E-04  1.220  50.0   1000  25.0   11100 528   0  NH3           
2017  129500  461500 9.511E-04  1.220  50.0   1000  25.0   11100 528   0  NH3           
2017  129500  463500 1.585E-04  1.220  50.0   1000  25.0   11100 528   0  NH3           
2017  129500  502500 3.169E-04  1.220  50.0   1000  25.0   11100 528   0  NH3           
2017  130500  398500 3.169E-04  1.220  50.0   1000  25.0   11100 528   0  NH3           
2017  130500  400500 5.944E-03  1.220  50.0   1000  25.0   11100 528   0  NH3           
2017  130500  408500 1.268E-03  1.220  50.0   1000  25.0   11100 528   0  NH3           
2017  130500  421500 3.804E-03  1.220  50.0   1000  25.0   11100 528   0  NH3           
2017  130500  441500 9.511E-04  1.220  50.0   1000  25.0   11100 528   0  NH3           
2017  130500  448500 7.133E-04  1.220  50.0   1000  25.0   11100 528   0  NH3           
2017  130500  459500 1.585E-04  1.220  50.0   1000  25.0   11100 528   0  NH3           
2017  130500  460500 4.756E-04  1.220  50.0   1000  25.0   11100 528   0  NH3           
2017  130500  462500 5.548E-04  1.220  50.0   1000  25.0   11100 528   0  NH3           
2017  130500  469500 3.962E-04  1.220  50.0   1000  25.0   11100 528   0  NH3           
2017  130500  471500 1.426E-03  1.220  50.0   1000  25.0   11100 528   0  NH3           
2017  130500  480500 7.608E-03  1.220  50.0   1000  25.0   11100 528   0  NH3           
2017  130500  481500 2.775E-03  1.220  50.0   1000  25.0   11100 528   0  NH3           
2017  130500  496500 2.378E-04  1.220  50.0   1000  25.0   11100 528   0  NH3           
2017  130500  499500 3.169E-04  1.220  50.0   1000  25.0   11100 528   0  NH3           
2017  130500  518500 3.962E-04  1.220  50.0   1000  25.0   11100 528   0  NH3           
2017  130500  521500 7.926E-04  1.220  50.0   1000  25.0   11100 528   0  NH3           
2017  130500  522500 3.962E-04  1.220  50.0   1000  25.0   11100 528   0  NH3           
2017  130500  540500 1.585E-03  1.220  50.0   1000  25.0   11100 528   0  NH3           
2017  131500  393500 3.169E-04  1.220  50.0   1000  25.0   11100 528   0  NH3           
2017  131500  397500 1.346E-03  1.220  50.0   1000  25.0   11100 528   0  NH3           
2017  131500  399500 1.624E-02  1.220  50.0   1000  25.0   11100 528   0  NH3           
2017  131500  404500 5.548E-04  1.220  50.0   1000  25.0   11100 528   0  NH3           
2017  131500  407500 7.926E-04  1.220  50.0   1000  25.0   11100 528   0  NH3           
2017  131500  408500 4.756E-04  1.220  50.0   1000  25.0   11100 528   0  NH3           
2017  131500  409500 3.169E-04  1.220  50.0   1000  25.0   11100 528   0  NH3           
2017  131500  411500 9.747E-03  1.220  50.0   1000  25.0   11100 528   0  NH3           
2017  131500  412500 7.926E-03  1.220  50.0   1000  25.0   11100 528   0  NH3           
2017  131500  422500 7.291E-03  1.220  50.0   1000  25.0   11100 528   0  NH3           
2017  131500  447500 2.933E-03  1.220  50.0   1000  25.0   11100 528   0  NH3           
2017  131500  448500 2.615E-03  1.220  50.0   1000  25.0   11100 528   0  NH3           
2017  131500  454500 1.665E-03  1.220  50.0   1000  25.0   11100 528   0  NH3           
2017  131500  455500 1.507E-03  1.220  50.0   1000  25.0   11100 528   0  NH3           
2017  131500  459500 2.615E-03  1.220  50.0   1000  25.0   11100 528   0  NH3           
2017  131500  460500 9.584E-03  1.220  50.0   1000  25.0   11100 528   0  NH3           
2017  131500  461500 4.756E-04  1.220  50.0   1000  25.0   11100 528   0  NH3           
2017  131500  462500 5.548E-04  1.220  50.0   1000  25.0   11100 528   0  NH3           
2017  131500  473500 3.169E-04  1.220  50.0   1000  25.0   11100 528   0  NH3           
2017  131500  475500 7.133E-04  1.220  50.0   1000  25.0   11100 528   0  NH3           
2017  131500  479500 2.061E-03  1.220  50.0   1000  25.0   11100 528   0  NH3           
2017  131500  480500 7.926E-04  1.220  50.0   1000  25.0   11100 528   0  NH3           
2017  131500  495500 5.548E-04  1.220  50.0   1000  25.0   11100 528   0  NH3           
2017  131500  496500 5.548E-04  1.220  50.0   1000  25.0   11100 528   0  NH3           
2017  131500  497500 6.895E-03  1.220  50.0   1000  25.0   11100 528   0  NH3           
2017  131500  500500 6.341E-04  1.220  50.0   1000  25.0   11100 528   0  NH3           
2017  131500  502500 6.341E-04  1.220  50.0   1000  25.0   11100 528   0  NH3           
2017  131500  503500 2.194E-02  1.220  50.0   1000  25.0   11100 528   0  NH3           
2017  131500  518500 5.548E-04  1.220  50.0   1000  25.0   11100 528   0  NH3           
2017  131500  521500 1.585E-04  1.220  50.0   1000  25.0   11100 528   0  NH3           
2017  131500  529500 1.981E-03  1.220  50.0   1000  25.0   11100 528   0  NH3           
2017  131500  530500 1.189E-03  1.220  50.0   1000  25.0   11100 528   0  NH3           
2017  131500  549500 7.926E-04  1.220  50.0   1000  25.0   11100 528   0  NH3           
2017  132500  391500 1.585E-04  1.220  50.0   1000  25.0   11100 528   0  NH3           
2017  132500  392500 2.378E-03  1.220  50.0   1000  25.0   11100 528   0  NH3           
2017  132500  395500 1.030E-03  1.220  50.0   1000  25.0   11100 528   0  NH3           
2017  132500  399500 2.805E-02  1.220  50.0   1000  25.0   11100 528   0  NH3           
2017  132500  400500 2.188E-02  1.220  50.0   1000  25.0   11100 528   0  NH3           
2017  132500  404500 3.962E-04  1.220  50.0   1000  25.0   11100 528   0  NH3           
2017  132500  411500 2.299E-03  1.220  50.0   1000  25.0   11100 528   0  NH3           
2017  132500  412500 6.498E-03  1.220  50.0   1000  25.0   11100 528   0  NH3           
2017  132500  421500 5.548E-04  1.220  50.0   1000  25.0   11100 528   0  NH3           
2017  132500  431500 1.585E-04  1.220  50.0   1000  25.0   11100 528   0  NH3           
2017  132500  446500 4.756E-04  1.220  50.0   1000  25.0   11100 528   0  NH3           
2017  132500  453500 5.548E-04  1.220  50.0   1000  25.0   11100 528   0  NH3           
2017  132500  454500 1.585E-04  1.220  50.0   1000  25.0   11100 528   0  NH3           
2017  132500  455500 6.341E-04  1.220  50.0   1000  25.0   11100 528   0  NH3           
2017  132500  457500 8.163E-03  1.220  50.0   1000  25.0   11100 528   0  NH3           
2017  132500  458500 1.585E-04  1.220  50.0   1000  25.0   11100 528   0  NH3           
2017  132500  500500 6.341E-04  1.220  50.0   1000  25.0   11100 528   0  NH3           
2017  132500  501500 3.169E-04  1.220  50.0   1000  25.0   11100 528   0  NH3           
2017  132500  502500 1.743E-03  1.220  50.0   1000  25.0   11100 528   0  NH3           
2017  132500  517500 1.236E-02  1.220  50.0   1000  25.0   11100 528   0  NH3           
2017  132500  518500 3.169E-04  1.220  50.0   1000  25.0   11100 528   0  NH3           
2017  132500  519500 2.378E-04  1.220  50.0   1000  25.0   11100 528   0  NH3           
2017  132500  520500 4.834E-03  1.220  50.0   1000  25.0   11100 528   0  NH3           
2017  133500  395500 3.962E-04  1.220  50.0   1000  25.0   11100 528   0  NH3           
2017  133500  397500 1.585E-04  1.220  50.0   1000  25.0   11100 528   0  NH3           
2017  133500  398500 5.548E-04  1.220  50.0   1000  25.0   11100 528   0  NH3           
2017  133500  400500 8.717E-04  1.220  50.0   1000  25.0   11100 528   0  NH3           
2017  133500  404500 3.962E-04  1.220  50.0   1000  25.0   11100 528   0  NH3           
2017  133500  408500 1.981E-03  1.220  50.0   1000  25.0   11100 528   0  NH3           
2017  133500  410500 1.030E-03  1.220  50.0   1000  25.0   11100 528   0  NH3           
2017  133500  411500 4.756E-04  1.220  50.0   1000  25.0   11100 528   0  NH3           
2017  133500  431500 5.548E-04  1.220  50.0   1000  25.0   11100 528   0  NH3           
2017  133500  450500 5.548E-04  1.220  50.0   1000  25.0   11100 528   0  NH3           
2017  133500  457500 7.926E-04  1.220  50.0   1000  25.0   11100 528   0  NH3           
2017  133500  458500 4.993E-03  1.220  50.0   1000  25.0   11100 528   0  NH3           
2017  133500  466500 3.169E-04  1.220  50.0   1000  25.0   11100 528   0  NH3           
2017  133500  482500 1.030E-03  1.220  50.0   1000  25.0   11100 528   0  NH3           
2017  133500  500500 1.981E-03  1.220  50.0   1000  25.0   11100 528   0  NH3           
2017  133500  501500 1.902E-03  1.220  50.0   1000  25.0   11100 528   0  NH3           
2017  133500  520500 2.536E-03  1.220  50.0   1000  25.0   11100 528   0  NH3           
2017  133500  522500 5.548E-04  1.220  50.0   1000  25.0   11100 528   0  NH3           
2017  133500  589500 3.962E-04  1.220  50.0   1000  25.0   11100 528   0  NH3           
2017  134500  394500 5.548E-04  1.220  50.0   1000  25.0   11100 528   0  NH3           
2017  134500  395500 1.585E-04  1.220  50.0   1000  25.0   11100 528   0  NH3           
2017  134500  396500 1.189E-03  1.220  50.0   1000  25.0   11100 528   0  NH3           
2017  134500  398500 6.341E-04  1.220  50.0   1000  25.0   11100 528   0  NH3           
2017  134500  416500 1.585E-04  1.220  50.0   1000  25.0   11100 528   0  NH3           
2017  134500  425500 7.926E-04  1.220  50.0   1000  25.0   11100 528   0  NH3           
2017  134500  433500 1.030E-03  1.220  50.0   1000  25.0   11100 528   0  NH3           
2017  134500  444500 8.717E-04  1.220  50.0   1000  25.0   11100 528   0  NH3           
2017  134500  446500 4.756E-04  1.220  50.0   1000  25.0   11100 528   0  NH3           
2017  134500  447500 4.756E-04  1.220  50.0   1000  25.0   11100 528   0  NH3           
2017  134500  449500 1.743E-03  1.220  50.0   1000  25.0   11100 528   0  NH3           
2017  134500  451500 7.133E-04  1.220  50.0   1000  25.0   11100 528   0  NH3           
2017  134500  453500 2.378E-04  1.220  50.0   1000  25.0   11100 528   0  NH3           
2017  134500  454500 1.507E-03  1.220  50.0   1000  25.0   11100 528   0  NH3           
2017  134500  456500 4.914E-02  1.220  50.0   1000  25.0   11100 528   0  NH3           
2017  134500  457500 2.457E-03  1.220  50.0   1000  25.0   11100 528   0  NH3           
2017  134500  458500 1.743E-03  1.220  50.0   1000  25.0   11100 528   0  NH3           
2017  134500  460500 1.110E-03  1.220  50.0   1000  25.0   11100 528   0  NH3           
2017  134500  501500 2.695E-03  1.220  50.0   1000  25.0   11100 528   0  NH3           
2017  134500  502500 5.706E-03  1.220  50.0   1000  25.0   11100 528   0  NH3           
2017  134500  518500 8.717E-04  1.220  50.0   1000  25.0   11100 528   0  NH3           
2017  135500  396500 1.743E-03  1.220  50.0   1000  25.0   11100 528   0  NH3           
2017  135500  397500 9.983E-03  1.220  50.0   1000  25.0   11100 528   0  NH3           
2017  135500  398500 1.346E-03  1.220  50.0   1000  25.0   11100 528   0  NH3           
2017  135500  410500 3.962E-04  1.220  50.0   1000  25.0   11100 528   0  NH3           
2017  135500  420500 2.378E-03  1.220  50.0   1000  25.0   11100 528   0  NH3           
2017  135500  421500 3.329E-03  1.220  50.0   1000  25.0   11100 528   0  NH3           
2017  135500  433500 5.548E-04  1.220  50.0   1000  25.0   11100 528   0  NH3           
2017  135500  434500 4.756E-03  1.220  50.0   1000  25.0   11100 528   0  NH3           
2017  135500  437500 2.378E-04  1.220  50.0   1000  25.0   11100 528   0  NH3           
2017  135500  447500 1.189E-03  1.220  50.0   1000  25.0   11100 528   0  NH3           
2017  135500  453500 1.585E-04  1.220  50.0   1000  25.0   11100 528   0  NH3           
2017  135500  455500 7.926E-04  1.220  50.0   1000  25.0   11100 528   0  NH3           
2017  135500  456500 1.110E-03  1.220  50.0   1000  25.0   11100 528   0  NH3           
2017  135500  457500 8.717E-04  1.220  50.0   1000  25.0   11100 528   0  NH3           
2017  135500  459500 1.426E-03  1.220  50.0   1000  25.0   11100 528   0  NH3           
2017  135500  468500 6.341E-04  1.220  50.0   1000  25.0   11100 528   0  NH3           
2017  135500  516500 7.291E-03  1.220  50.0   1000  25.0   11100 528   0  NH3           
2017  135500  517500 1.585E-03  1.220  50.0   1000  25.0   11100 528   0  NH3           
2017  135500  519500 1.220E-02  1.220  50.0   1000  25.0   11100 528   0  NH3           
2017  136450  437100 8.354E-03  0.000   9.0      0   0.0   11100 528   0  NH3           
2017  136500  397500 2.299E-03  1.220  50.0   1000  25.0   11100 528   0  NH3           
2017  136500  398500 3.565E-03  1.220  50.0   1000  25.0   11100 528   0  NH3           
2017  136500  401500 2.378E-04  1.220  50.0   1000  25.0   11100 528   0  NH3           
2017  136500  419500 4.597E-03  1.220  50.0   1000  25.0   11100 528   0  NH3           
2017  136500  436500 5.548E-04  1.220  50.0   1000  25.0   11100 528   0  NH3           
2017  136500  451500 4.676E-03  1.220  50.0   1000  25.0   11100 528   0  NH3           
2017  136500  453500 1.030E-03  1.220  50.0   1000  25.0   11100 528   0  NH3           
2017  136500  454500 1.585E-04  1.220  50.0   1000  25.0   11100 528   0  NH3           
2017  136500  455500 2.219E-03  1.220  50.0   1000  25.0   11100 528   0  NH3           
2017  136500  456500 4.834E-03  1.220  50.0   1000  25.0   11100 528   0  NH3           
2017  136500  457500 3.962E-04  1.220  50.0   1000  25.0   11100 528   0  NH3           
2017  136500  458500 9.511E-04  1.220  50.0   1000  25.0   11100 528   0  NH3           
2017  136500  475500 5.548E-04  1.220  50.0   1000  25.0   11100 528   0  NH3           
2017  136500  531500 2.219E-03  1.220  50.0   1000  25.0   11100 528   0  NH3           
2017  137500  377500 2.378E-04  1.220  50.0   1000  25.0   11100 528   0  NH3           
2017  137500  388500 9.511E-04  1.220  50.0   1000  25.0   11100 528   0  NH3           
2017  137500  389500 1.585E-03  1.220  50.0   1000  25.0   11100 528   0  NH3           
2017  137500  394500 1.981E-03  1.220  50.0   1000  25.0   11100 528   0  NH3           
2017  137500  398500 7.926E-04  1.220  50.0   1000  25.0   11100 528   0  NH3           
2017  137500  401500 2.378E-04  1.220  50.0   1000  25.0   11100 528   0  NH3           
2017  137500  410500 1.426E-03  1.220  50.0   1000  25.0   11100 528   0  NH3           
2017  137500  416500 3.169E-04  1.220  50.0   1000  25.0   11100 528   0  NH3           
2017  137500  419500 6.341E-04  1.220  50.0   1000  25.0   11100 528   0  NH3           
2017  137500  421500 1.585E-04  1.220  50.0   1000  25.0   11100 528   0  NH3           
2017  137500  424500 2.378E-04  1.220  50.0   1000  25.0   11100 528   0  NH3           
2017  137500  426500 1.585E-03  1.220  50.0   1000  25.0   11100 528   0  NH3           
2017  137500  454500 1.585E-04  1.220  50.0   1000  25.0   11100 528   0  NH3           
2017  137500  455500 1.507E-03  1.220  50.0   1000  25.0   11100 528   0  NH3           
2017  137500  456500 1.743E-03  1.220  50.0   1000  25.0   11100 528   0  NH3           
2017  137500  457500 2.378E-04  1.220  50.0   1000  25.0   11100 528   0  NH3           
2017  137500  462500 1.585E-04  1.220  50.0   1000  25.0   11100 528   0  NH3           
2017  137500  467500 7.926E-04  1.220  50.0   1000  25.0   11100 528   0  NH3           
2017  137500  474500 4.756E-04  1.220  50.0   1000  25.0   11100 528   0  NH3           
2017  138500  386500 8.717E-04  1.220  50.0   1000  25.0   11100 528   0  NH3           
2017  138500  388500 1.585E-04  1.220  50.0   1000  25.0   11100 528   0  NH3           
2017  138500  402500 3.169E-04  1.220  50.0   1000  25.0   11100 528   0  NH3           
2017  138500  441500 3.169E-04  1.220  50.0   1000  25.0   11100 528   0  NH3           
2017  138500  450500 5.548E-04  1.220  50.0   1000  25.0   11100 528   0  NH3           
2017  138500  455500 9.511E-04  1.220  50.0   1000  25.0   11100 528   0  NH3           
2017  138500  467500 1.822E-03  1.220  50.0   1000  25.0   11100 528   0  NH3           
2017  138500  469500 4.756E-04  1.220  50.0   1000  25.0   11100 528   0  NH3           
2017  138500  478500 3.962E-04  1.220  50.0   1000  25.0   11100 528   0  NH3           
2017  138500  524500 6.341E-04  1.220  50.0   1000  25.0   11100 528   0  NH3           
2017  139500  373500 1.585E-04  1.220  50.0   1000  25.0   11100 528   0  NH3           
2017  139500  374500 3.962E-04  1.220  50.0   1000  25.0   11100 528   0  NH3           
2017  139500  375500 3.169E-04  1.220  50.0   1000  25.0   11100 528   0  NH3           
2017  139500  401500 7.926E-04  1.220  50.0   1000  25.0   11100 528   0  NH3           
2017  139500  411500 4.834E-03  1.220  50.0   1000  25.0   11100 528   0  NH3           
2017  139500  417500 3.169E-04  1.220  50.0   1000  25.0   11100 528   0  NH3           
2017  139500  419500 1.585E-04  1.220  50.0   1000  25.0   11100 528   0  NH3           
2017  139500  426500 2.378E-04  1.220  50.0   1000  25.0   11100 528   0  NH3           
2017  139500  448500 1.426E-03  1.220  50.0   1000  25.0   11100 528   0  NH3           
2017  139500  449500 9.511E-04  1.220  50.0   1000  25.0   11100 528   0  NH3           
2017  139500  469500 2.615E-03  1.220  50.0   1000  25.0   11100 528   0  NH3           
2017  139500  475500 1.585E-04  1.220  50.0   1000  25.0   11100 528   0  NH3           
2017  139500  476500 2.615E-03  1.220  50.0   1000  25.0   11100 528   0  NH3           
2017  139500  477500 3.169E-04  1.220  50.0   1000  25.0   11100 528   0  NH3           
2017  139500  523500 4.556E-02  1.220  50.0   1000  25.0   11100 528   0  NH3           
2017  139500  526500 7.926E-04  1.220  50.0   1000  25.0   11100 528   0  NH3           
2017  140500  374500 2.140E-03  1.220  50.0   1000  25.0   11100 528   0  NH3           
2017  140500  395500 7.926E-04  1.220  50.0   1000  25.0   11100 528   0  NH3           
2017  140500  398500 6.341E-04  1.220  50.0   1000  25.0   11100 528   0  NH3           
2017  140500  404500 1.585E-03  1.220  50.0   1000  25.0   11100 528   0  NH3           
2017  140500  411500 1.624E-02  1.220  50.0   1000  25.0   11100 528   0  NH3           
2017  140500  412500 2.061E-03  1.220  50.0   1000  25.0   11100 528   0  NH3           
2017  140500  457500 6.341E-04  1.220  50.0   1000  25.0   11100 528   0  NH3           
2017  140500  458500 2.378E-04  1.220  50.0   1000  25.0   11100 528   0  NH3           
2017  140500  463500 1.346E-03  1.220  50.0   1000  25.0   11100 528   0  NH3           
2017  140500  470500 2.061E-03  1.220  50.0   1000  25.0   11100 528   0  NH3           
2017  140500  471500 1.743E-03  1.220  50.0   1000  25.0   11100 528   0  NH3           
2017  140500  476500 1.426E-03  1.220  50.0   1000  25.0   11100 528   0  NH3           
2017  140500  477500 8.717E-04  1.220  50.0   1000  25.0   11100 528   0  NH3           
2017  140500  522500 9.511E-04  1.220  50.0   1000  25.0   11100 528   0  NH3           
2017  140500  523500 2.378E-04  1.220  50.0   1000  25.0   11100 528   0  NH3           
2017  141500  399500 1.268E-03  1.220  50.0   1000  25.0   11100 528   0  NH3           
2017  141500  423500 5.230E-03  1.220  50.0   1000  25.0   11100 528   0  NH3           
2017  141500  432500 1.346E-03  1.220  50.0   1000  25.0   11100 528   0  NH3           
2017  141500  444500 3.169E-04  1.220  50.0   1000  25.0   11100 528   0  NH3           
2017  141500  459500 2.378E-04  1.220  50.0   1000  25.0   11100 528   0  NH3           
2017  141500  470500 3.169E-04  1.220  50.0   1000  25.0   11100 528   0  NH3           
2017  141500  471500 9.511E-04  1.220  50.0   1000  25.0   11100 528   0  NH3           
2017  141500  486500 5.548E-04  1.220  50.0   1000  25.0   11100 528   0  NH3           
2017  141500  487500 1.585E-04  1.220  50.0   1000  25.0   11100 528   0  NH3           
2017  141500  518500 1.585E-04  1.220  50.0   1000  25.0   11100 528   0  NH3           
2017  141500  522500 1.585E-04  1.220  50.0   1000  25.0   11100 528   0  NH3           
2017  142500  375500 2.299E-03  1.220  50.0   1000  25.0   11100 528   0  NH3           
2017  142500  376500 1.585E-04  1.220  50.0   1000  25.0   11100 528   0  NH3           
2017  142500  379500 2.378E-03  1.220  50.0   1000  25.0   11100 528   0  NH3           
2017  142500  399500 1.110E-03  1.220  50.0   1000  25.0   11100 528   0  NH3           
2017  142500  419500 5.548E-04  1.220  50.0   1000  25.0   11100 528   0  NH3           
2017  142500  432500 3.169E-04  1.220  50.0   1000  25.0   11100 528   0  NH3           
2017  142500  439500 1.902E-03  1.220  50.0   1000  25.0   11100 528   0  NH3           
2017  142500  453500 1.189E-03  1.220  50.0   1000  25.0   11100 528   0  NH3           
2017  142500  460500 4.756E-03  1.220  50.0   1000  25.0   11100 528   0  NH3           
2017  142500  523500 1.585E-04  1.220  50.0   1000  25.0   11100 528   0  NH3           
2017  143500  373500 2.378E-04  1.220  50.0   1000  25.0   11100 528   0  NH3           
2017  143500  375500 1.585E-04  1.220  50.0   1000  25.0   11100 528   0  NH3           
2017  143500  379500 1.030E-03  1.220  50.0   1000  25.0   11100 528   0  NH3           
2017  143500  401500 3.962E-04  1.220  50.0   1000  25.0   11100 528   0  NH3           
2017  143500  404500 3.169E-04  1.220  50.0   1000  25.0   11100 528   0  NH3           
2017  143500  439500 2.378E-04  1.220  50.0   1000  25.0   11100 528   0  NH3           
2017  143500  440500 5.548E-04  1.220  50.0   1000  25.0   11100 528   0  NH3           
2017  143500  441500 1.902E-03  1.220  50.0   1000  25.0   11100 528   0  NH3           
2017  143500  452500 1.981E-03  1.220  50.0   1000  25.0   11100 528   0  NH3           
2017  143500  460500 1.585E-04  1.220  50.0   1000  25.0   11100 528   0  NH3           
2017  143500  482500 1.030E-03  1.220  50.0   1000  25.0   11100 528   0  NH3           
2017  143500  483500 9.511E-04  1.220  50.0   1000  25.0   11100 528   0  NH3           
2017  143500  484500 7.926E-04  1.220  50.0   1000  25.0   11100 528   0  NH3           
2017  143500  486500 1.030E-03  1.220  50.0   1000  25.0   11100 528   0  NH3           
2017  143500  487500 1.665E-03  1.220  50.0   1000  25.0   11100 528   0  NH3           
2017  143500  522500 4.756E-04  1.220  50.0   1000  25.0   11100 528   0  NH3           
2017  143500  528500 3.169E-04  1.220  50.0   1000  25.0   11100 528   0  NH3           
2017  143500  597500 7.926E-04  1.220  50.0   1000  25.0   11100 528   0  NH3           
2017  144500  378500 4.756E-04  1.220  50.0   1000  25.0   11100 528   0  NH3           
2017  144500  405500 4.756E-04  1.220  50.0   1000  25.0   11100 528   0  NH3           
2017  144500  412500 4.359E-03  1.220  50.0   1000  25.0   11100 528   0  NH3           
2017  144500  422500 3.962E-04  1.220  50.0   1000  25.0   11100 528   0  NH3           
2017  144500  440500 7.926E-04  1.220  50.0   1000  25.0   11100 528   0  NH3           
2017  144500  455500 3.962E-04  1.220  50.0   1000  25.0   11100 528   0  NH3           
2017  144500  456500 1.665E-03  1.220  50.0   1000  25.0   11100 528   0  NH3           
2017  144500  474500 1.110E-03  1.220  50.0   1000  25.0   11100 528   0  NH3           
2017  144500  478500 2.140E-03  1.220  50.0   1000  25.0   11100 528   0  NH3           
2017  144500  479500 1.743E-03  1.220  50.0   1000  25.0   11100 528   0  NH3           
2017  144500  484500 1.507E-03  1.220  50.0   1000  25.0   11100 528   0  NH3           
2017  144500  488500 1.585E-04  1.220  50.0   1000  25.0   11100 528   0  NH3           
2017  144500  523500 8.717E-04  1.220  50.0   1000  25.0   11100 528   0  NH3           
2017  145500  375500 7.133E-04  1.220  50.0   1000  25.0   11100 528   0  NH3           
2017  145500  386500 1.030E-03  1.220  50.0   1000  25.0   11100 528   0  NH3           
2017  145500  411500 6.341E-04  1.220  50.0   1000  25.0   11100 528   0  NH3           
2017  145500  416500 3.169E-04  1.220  50.0   1000  25.0   11100 528   0  NH3           
2017  145500  417500 9.511E-04  1.220  50.0   1000  25.0   11100 528   0  NH3           
2017  145500  424500 7.133E-04  1.220  50.0   1000  25.0   11100 528   0  NH3           
2017  145500  426500 6.341E-04  1.220  50.0   1000  25.0   11100 528   0  NH3           
2017  145500  448500 7.926E-04  1.220  50.0   1000  25.0   11100 528   0  NH3           
2017  145500  455500 1.585E-04  1.220  50.0   1000  25.0   11100 528   0  NH3           
2017  145500  456500 1.268E-03  1.220  50.0   1000  25.0   11100 528   0  NH3           
2017  145500  476500 1.189E-03  1.220  50.0   1000  25.0   11100 528   0  NH3           
2017  145500  478500 1.585E-04  1.220  50.0   1000  25.0   11100 528   0  NH3           
2017  145500  479500 6.341E-04  1.220  50.0   1000  25.0   11100 528   0  NH3           
2017  145500  491500 1.426E-03  1.220  50.0   1000  25.0   11100 528   0  NH3           
2017  145500  522500 1.268E-03  1.220  50.0   1000  25.0   11100 528   0  NH3           
2017  145500  598500 2.378E-04  1.220  50.0   1000  25.0   11100 528   0  NH3           
2017  146500  376500 1.585E-03  1.220  50.0   1000  25.0   11100 528   0  NH3           
2017  146500  378500 1.110E-03  1.220  50.0   1000  25.0   11100 528   0  NH3           
2017  146500  412500 1.585E-04  1.220  50.0   1000  25.0   11100 528   0  NH3           
2017  146500  413500 3.169E-04  1.220  50.0   1000  25.0   11100 528   0  NH3           
2017  146500  418500 2.591E-02  1.220  50.0   1000  25.0   11100 528   0  NH3           
2017  146500  424500 1.585E-04  1.220  50.0   1000  25.0   11100 528   0  NH3           
2017  146500  432500 7.054E-03  1.220  50.0   1000  25.0   11100 528   0  NH3           
2017  146500  453500 2.378E-04  1.220  50.0   1000  25.0   11100 528   0  NH3           
2017  146500  465500 9.511E-04  1.220  50.0   1000  25.0   11100 528   0  NH3           
2017  146500  470500 3.883E-03  1.220  50.0   1000  25.0   11100 528   0  NH3           
2017  146500  471500 7.926E-04  1.220  50.0   1000  25.0   11100 528   0  NH3           
2017  146500  478500 3.962E-04  1.220  50.0   1000  25.0   11100 528   0  NH3           
2017  146500  489500 1.585E-04  1.220  50.0   1000  25.0   11100 528   0  NH3           
2017  146500  490500 6.341E-03  1.220  50.0   1000  25.0   11100 528   0  NH3           
2017  146500  491500 3.169E-04  1.220  50.0   1000  25.0   11100 528   0  NH3           
2017  146500  523500 1.585E-03  1.220  50.0   1000  25.0   11100 528   0  NH3           
2017  147500  376500 1.585E-04  1.220  50.0   1000  25.0   11100 528   0  NH3           
2017  147500  406500 7.133E-04  1.220  50.0   1000  25.0   11100 528   0  NH3           
2017  147500  412500 5.238E-02  1.220  50.0   1000  25.0   11100 528   0  NH3           
2017  147500  423500 2.378E-04  1.220  50.0   1000  25.0   11100 528   0  NH3           
2017  147500  440500 1.030E-03  1.220  50.0   1000  25.0   11100 528   0  NH3           
2017  147500  459500 1.585E-04  1.220  50.0   1000  25.0   11100 528   0  NH3           
2017  147500  464500 9.511E-04  1.220  50.0   1000  25.0   11100 528   0  NH3           
2017  147500  465500 3.883E-03  1.220  50.0   1000  25.0   11100 528   0  NH3           
2017  147500  469500 7.133E-04  1.220  50.0   1000  25.0   11100 528   0  NH3           
2017  147500  489500 6.341E-04  1.220  50.0   1000  25.0   11100 528   0  NH3           
2017  147500  522500 2.378E-04  1.220  50.0   1000  25.0   11100 528   0  NH3           
2017  147500  524500 7.133E-04  1.220  50.0   1000  25.0   11100 528   0  NH3           
2017  147500  525500 8.004E-03  1.220  50.0   1000  25.0   11100 528   0  NH3           
2017  147500  598500 1.585E-04  1.220  50.0   1000  25.0   11100 528   0  NH3           
2017  148500  375500 1.213E-02  1.220  50.0   1000  25.0   11100 528   0  NH3           
2017  148500  381500 3.169E-04  1.220  50.0   1000  25.0   11100 528   0  NH3           
2017  148500  406500 1.189E-03  1.220  50.0   1000  25.0   11100 528   0  NH3           
2017  148500  407500 6.102E-03  1.220  50.0   1000  25.0   11100 528   0  NH3           
2017  148500  411500 3.250E-03  1.220  50.0   1000  25.0   11100 528   0  NH3           
2017  148500  412500 1.585E-04  1.220  50.0   1000  25.0   11100 528   0  NH3           
2017  148500  415500 3.169E-04  1.220  50.0   1000  25.0   11100 528   0  NH3           
2017  148500  432500 1.426E-03  1.220  50.0   1000  25.0   11100 528   0  NH3           
2017  148500  433500 1.507E-03  1.220  50.0   1000  25.0   11100 528   0  NH3           
2017  148500  439500 6.341E-04  1.220  50.0   1000  25.0   11100 528   0  NH3           
2017  148500  451500 1.585E-03  1.220  50.0   1000  25.0   11100 528   0  NH3           
2017  148500  452500 3.169E-04  1.220  50.0   1000  25.0   11100 528   0  NH3           
2017  148500  455500 3.962E-04  1.220  50.0   1000  25.0   11100 528   0  NH3           
2017  148500  465500 4.756E-04  1.220  50.0   1000  25.0   11100 528   0  NH3           
2017  148500  466500 1.426E-03  1.220  50.0   1000  25.0   11100 528   0  NH3           
2017  148500  468500 3.169E-04  1.220  50.0   1000  25.0   11100 528   0  NH3           
2017  148500  469500 1.585E-03  1.220  50.0   1000  25.0   11100 528   0  NH3           
2017  148500  524500 9.511E-04  1.220  50.0   1000  25.0   11100 528   0  NH3           
2017  149500  374500 5.548E-04  1.220  50.0   1000  25.0   11100 528   0  NH3           
2017  149500  375500 1.585E-03  1.220  50.0   1000  25.0   11100 528   0  NH3           
2017  149500  390500 2.140E-03  1.220  50.0   1000  25.0   11100 528   0  NH3           
2017  149500  411500 1.038E-02  1.220  50.0   1000  25.0   11100 528   0  NH3           
2017  149500  413500 2.378E-04  1.220  50.0   1000  25.0   11100 528   0  NH3           
2017  149500  415500 2.378E-04  1.220  50.0   1000  25.0   11100 528   0  NH3           
2017  149500  420500 3.169E-02  1.220  50.0   1000  25.0   11100 528   0  NH3           
2017  149500  428500 1.585E-04  1.220  50.0   1000  25.0   11100 528   0  NH3           
2017  149500  431500 9.348E-03  1.220  50.0   1000  25.0   11100 528   0  NH3           
2017  149500  432500 7.133E-04  1.220  50.0   1000  25.0   11100 528   0  NH3           
2017  149500  463500 7.926E-04  1.220  50.0   1000  25.0   11100 528   0  NH3           
2017  149500  464500 3.169E-04  1.220  50.0   1000  25.0   11100 528   0  NH3           
2017  149500  600500 5.548E-04  1.220  50.0   1000  25.0   11100 528   0  NH3           
2017  150500  366500 2.378E-03  1.220  50.0   1000  25.0   11100 528   0  NH3           
2017  150500  374500 3.962E-04  1.220  50.0   1000  25.0   11100 528   0  NH3           
2017  150500  375500 2.227E-02  1.220  50.0   1000  25.0   11100 528   0  NH3           
2017  150500  391500 3.169E-04  1.220  50.0   1000  25.0   11100 528   0  NH3           
2017  150500  398500 6.799E-02  1.220  50.0   1000  25.0   11100 528   0  NH3           
2017  150500  399500 1.110E-03  1.220  50.0   1000  25.0   11100 528   0  NH3           
2017  150500  401500 3.169E-04  1.220  50.0   1000  25.0   11100 528   0  NH3           
2017  150500  410500 4.756E-04  1.220  50.0   1000  25.0   11100 528   0  NH3           
2017  150500  411500 9.511E-04  1.220  50.0   1000  25.0   11100 528   0  NH3           
2017  150500  415500 1.030E-03  1.220  50.0   1000  25.0   11100 528   0  NH3           
2017  150500  421500 1.585E-04  1.220  50.0   1000  25.0   11100 528   0  NH3           
2017  150500  429500 2.219E-03  1.220  50.0   1000  25.0   11100 528   0  NH3           
2017  150500  463500 3.962E-04  1.220  50.0   1000  25.0   11100 528   0  NH3           
2017  151500  369500 1.665E-03  1.220  50.0   1000  25.0   11100 528   0  NH3           
2017  151500  399500 3.962E-04  1.220  50.0   1000  25.0   11100 528   0  NH3           
2017  151500  405500 7.926E-04  1.220  50.0   1000  25.0   11100 528   0  NH3           
2017  151500  420500 1.346E-03  1.220  50.0   1000  25.0   11100 528   0  NH3           
2017  151500  423500 7.133E-04  1.220  50.0   1000  25.0   11100 528   0  NH3           
2017  151500  443500 1.585E-04  1.220  50.0   1000  25.0   11100 528   0  NH3           
2017  151500  449500 1.030E-03  1.220  50.0   1000  25.0   11100 528   0  NH3           
2017  152500  369500 1.426E-03  1.220  50.0   1000  25.0   11100 528   0  NH3           
2017  152500  370500 3.169E-04  1.220  50.0   1000  25.0   11100 528   0  NH3           
2017  152500  381500 3.962E-04  1.220  50.0   1000  25.0   11100 528   0  NH3           
2017  152500  405500 9.511E-04  1.220  50.0   1000  25.0   11100 528   0  NH3           
2017  152500  442500 8.717E-04  1.220  50.0   1000  25.0   11100 528   0  NH3           
2017  152500  449500 7.133E-04  1.220  50.0   1000  25.0   11100 528   0  NH3           
2017  152500  464500 8.717E-04  1.220  50.0   1000  25.0   11100 528   0  NH3           
2017  153500  370500 7.926E-04  1.220  50.0   1000  25.0   11100 528   0  NH3           
2017  153500  375500 3.962E-04  1.220  50.0   1000  25.0   11100 528   0  NH3           
2017  153500  407500 6.341E-04  1.220  50.0   1000  25.0   11100 528   0  NH3           
2017  153500  408500 1.665E-03  1.220  50.0   1000  25.0   11100 528   0  NH3           
2017  153500  409500 1.585E-03  1.220  50.0   1000  25.0   11100 528   0  NH3           
2017  153500  414500 7.926E-04  1.220  50.0   1000  25.0   11100 528   0  NH3           
2017  153500  452500 4.756E-04  1.220  50.0   1000  25.0   11100 528   0  NH3           
2017  153500  463500 7.133E-04  1.220  50.0   1000  25.0   11100 528   0  NH3           
2017  153500  471500 2.457E-02  1.220  50.0   1000  25.0   11100 528   0  NH3           
2017  153500  473500 2.378E-03  1.220  50.0   1000  25.0   11100 528   0  NH3           
2017  154500  390500 3.169E-04  1.220  50.0   1000  25.0   11100 528   0  NH3           
2017  154500  391500 8.717E-04  1.220  50.0   1000  25.0   11100 528   0  NH3           
2017  154500  397500 5.548E-04  1.220  50.0   1000  25.0   11100 528   0  NH3           
2017  154500  461500 1.030E-03  1.220  50.0   1000  25.0   11100 528   0  NH3           
2017  154500  462500 2.488E-02  1.220  50.0   1000  25.0   11100 528   0  NH3           
2017  154500  463500 3.962E-04  1.220  50.0   1000  25.0   11100 528   0  NH3           
2017  154500  466500 1.189E-03  1.220  50.0   1000  25.0   11100 528   0  NH3           
2017  154500  471500 8.480E-03  1.220  50.0   1000  25.0   11100 528   0  NH3           
2017  154500  472500 1.585E-04  1.220  50.0   1000  25.0   11100 528   0  NH3           
2017  154500  473500 1.513E-02  1.220  50.0   1000  25.0   11100 528   0  NH3           
2017  154500  474500 1.030E-03  1.220  50.0   1000  25.0   11100 528   0  NH3           
2017  154500  479500 4.756E-04  1.220  50.0   1000  25.0   11100 528   0  NH3           
2017  155500  379500 1.110E-03  1.220  50.0   1000  25.0   11100 528   0  NH3           
2017  155500  385500 7.926E-04  1.220  50.0   1000  25.0   11100 528   0  NH3           
2017  155500  389500 1.189E-03  1.220  50.0   1000  25.0   11100 528   0  NH3           
2017  155500  391500 3.169E-04  1.220  50.0   1000  25.0   11100 528   0  NH3           
2017  155500  410500 7.133E-04  1.220  50.0   1000  25.0   11100 528   0  NH3           
2017  155500  432500 1.585E-04  1.220  50.0   1000  25.0   11100 528   0  NH3           
2017  155500  463500 2.457E-03  1.220  50.0   1000  25.0   11100 528   0  NH3           
2017  155500  466500 6.341E-04  1.220  50.0   1000  25.0   11100 528   0  NH3           
2017  155500  473500 9.511E-04  1.220  50.0   1000  25.0   11100 528   0  NH3           
2017  155500  545500 4.756E-04  1.220  50.0   1000  25.0   11100 528   0  NH3           
2017  155500  563500 1.585E-04  1.220  50.0   1000  25.0   11100 528   0  NH3           
2017  156500  379500 3.962E-04  1.220  50.0   1000  25.0   11100 528   0  NH3           
2017  156500  380500 3.962E-04  1.220  50.0   1000  25.0   11100 528   0  NH3           
2017  156500  381500 3.962E-04  1.220  50.0   1000  25.0   11100 528   0  NH3           
2017  156500  389500 1.244E-02  1.220  50.0   1000  25.0   11100 528   0  NH3           
2017  156500  404500 2.457E-03  1.220  50.0   1000  25.0   11100 528   0  NH3           
2017  156500  432500 4.756E-04  1.220  50.0   1000  25.0   11100 528   0  NH3           
2017  156500  454500 1.346E-03  1.220  50.0   1000  25.0   11100 528   0  NH3           
2017  156500  462500 3.169E-04  1.220  50.0   1000  25.0   11100 528   0  NH3           
2017  156500  465500 1.981E-03  1.220  50.0   1000  25.0   11100 528   0  NH3           
2017  156500  542500 4.756E-04  1.220  50.0   1000  25.0   11100 528   0  NH3           
2017  156500  563500 7.133E-04  1.220  50.0   1000  25.0   11100 528   0  NH3           
2017  156500  576500 1.030E-03  1.220  50.0   1000  25.0   11100 528   0  NH3           
2017  157500  373500 1.363E-02  1.220  50.0   1000  25.0   11100 528   0  NH3           
2017  157500  380500 2.219E-03  1.220  50.0   1000  25.0   11100 528   0  NH3           
2017  157500  388500 3.329E-03  1.220  50.0   1000  25.0   11100 528   0  NH3           
2017  157500  404500 5.548E-04  1.220  50.0   1000  25.0   11100 528   0  NH3           
2017  157500  437500 1.585E-04  1.220  50.0   1000  25.0   11100 528   0  NH3           
2017  157500  441500 3.962E-04  1.220  50.0   1000  25.0   11100 528   0  NH3           
2017  157500  458500 1.585E-04  1.220  50.0   1000  25.0   11100 528   0  NH3           
2017  157500  460500 1.426E-03  1.220  50.0   1000  25.0   11100 528   0  NH3           
2017  157500  461500 7.687E-03  1.220  50.0   1000  25.0   11100 528   0  NH3           
2017  157500  467500 8.717E-04  1.220  50.0   1000  25.0   11100 528   0  NH3           
2017  157500  501500 7.054E-03  1.220  50.0   1000  25.0   11100 528   0  NH3           
2017  157500  552500 3.169E-04  1.220  50.0   1000  25.0   11100 528   0  NH3           
2017  157500  576500 1.346E-03  1.220  50.0   1000  25.0   11100 528   0  NH3           
2017  157500  577500 9.035E-03  1.220  50.0   1000  25.0   11100 528   0  NH3           
2017  158500  381500 2.378E-04  1.220  50.0   1000  25.0   11100 528   0  NH3           
2017  158500  383500 8.717E-04  1.220  50.0   1000  25.0   11100 528   0  NH3           
2017  158500  387500 2.378E-04  1.220  50.0   1000  25.0   11100 528   0  NH3           
2017  158500  393500 1.110E-03  1.220  50.0   1000  25.0   11100 528   0  NH3           
2017  158500  401500 1.189E-03  1.220  50.0   1000  25.0   11100 528   0  NH3           
2017  158500  403500 1.743E-03  1.220  50.0   1000  25.0   11100 528   0  NH3           
2017  158500  415500 2.853E-03  1.220  50.0   1000  25.0   11100 528   0  NH3           
2017  158500  432500 7.133E-04  1.220  50.0   1000  25.0   11100 528   0  NH3           
2017  158500  433500 1.822E-03  1.220  50.0   1000  25.0   11100 528   0  NH3           
2017  158500  435500 2.219E-03  1.220  50.0   1000  25.0   11100 528   0  NH3           
2017  158500  446500 8.717E-04  1.220  50.0   1000  25.0   11100 528   0  NH3           
2017  158500  462500 6.023E-03  1.220  50.0   1000  25.0   11100 528   0  NH3           
2017  158500  466500 1.030E-03  1.220  50.0   1000  25.0   11100 528   0  NH3           
2017  158500  501500 1.023E-02  1.220  50.0   1000  25.0   11100 528   0  NH3           
2017  158500  503500 1.585E-04  1.220  50.0   1000  25.0   11100 528   0  NH3           
2017  158500  554500 3.962E-04  1.220  50.0   1000  25.0   11100 528   0  NH3           
2017  158500  576500 1.141E-02  1.220  50.0   1000  25.0   11100 528   0  NH3           
2017  159500  372500 2.378E-04  1.220  50.0   1000  25.0   11100 528   0  NH3           
2017  159500  374500 1.268E-03  1.220  50.0   1000  25.0   11100 528   0  NH3           
2017  159500  377500 8.717E-04  1.220  50.0   1000  25.0   11100 528   0  NH3           
2017  159500  382500 1.046E-02  1.220  50.0   1000  25.0   11100 528   0  NH3           
2017  159500  383500 4.756E-04  1.220  50.0   1000  25.0   11100 528   0  NH3           
2017  159500  384500 3.169E-04  1.220  50.0   1000  25.0   11100 528   0  NH3           
2017  159500  387500 2.378E-04  1.220  50.0   1000  25.0   11100 528   0  NH3           
2017  159500  390500 4.201E-03  1.220  50.0   1000  25.0   11100 528   0  NH3           
2017  159500  402500 5.548E-04  1.220  50.0   1000  25.0   11100 528   0  NH3           
2017  159500  445500 2.378E-04  1.220  50.0   1000  25.0   11100 528   0  NH3           
2017  159500  454500 1.585E-04  1.220  50.0   1000  25.0   11100 528   0  NH3           
2017  159500  465500 1.585E-03  1.220  50.0   1000  25.0   11100 528   0  NH3           
2017  159500  471500 2.378E-04  1.220  50.0   1000  25.0   11100 528   0  NH3           
2017  159500  546500 2.378E-04  1.220  50.0   1000  25.0   11100 528   0  NH3           
2017  159500  547500 3.169E-04  1.220  50.0   1000  25.0   11100 528   0  NH3           
2017  159500  555500 1.507E-03  1.220  50.0   1000  25.0   11100 528   0  NH3           
2017  159500  576500 3.169E-04  1.220  50.0   1000  25.0   11100 528   0  NH3           
2017  160500  372500 2.853E-03  1.220  50.0   1000  25.0   11100 528   0  NH3           
2017  160500  373500 1.507E-03  1.220  50.0   1000  25.0   11100 528   0  NH3           
2017  160500  374500 2.378E-04  1.220  50.0   1000  25.0   11100 528   0  NH3           
2017  160500  380500 1.585E-04  1.220  50.0   1000  25.0   11100 528   0  NH3           
2017  160500  381500 2.378E-04  1.220  50.0   1000  25.0   11100 528   0  NH3           
2017  160500  382500 9.511E-04  1.220  50.0   1000  25.0   11100 528   0  NH3           
2017  160500  384500 1.426E-03  1.220  50.0   1000  25.0   11100 528   0  NH3           
2017  160500  385500 1.585E-04  1.220  50.0   1000  25.0   11100 528   0  NH3           
2017  160500  388500 3.169E-04  1.220  50.0   1000  25.0   11100 528   0  NH3           
2017  160500  390500 1.585E-04  1.220  50.0   1000  25.0   11100 528   0  NH3           
2017  160500  396500 5.548E-04  1.220  50.0   1000  25.0   11100 528   0  NH3           
2017  160500  397500 7.133E-04  1.220  50.0   1000  25.0   11100 528   0  NH3           
2017  160500  402500 1.585E-04  1.220  50.0   1000  25.0   11100 528   0  NH3           
2017  160500  407500 2.378E-04  1.220  50.0   1000  25.0   11100 528   0  NH3           
2017  160500  416500 9.511E-04  1.220  50.0   1000  25.0   11100 528   0  NH3           
2017  160500  417500 9.511E-04  1.220  50.0   1000  25.0   11100 528   0  NH3           
2017  160500  423500 2.378E-04  1.220  50.0   1000  25.0   11100 528   0  NH3           
2017  160500  425500 1.585E-04  1.220  50.0   1000  25.0   11100 528   0  NH3           
2017  160500  435500 3.169E-04  1.220  50.0   1000  25.0   11100 528   0  NH3           
2017  160500  445500 5.548E-04  1.220  50.0   1000  25.0   11100 528   0  NH3           
2017  160500  454500 3.487E-03  1.220  50.0   1000  25.0   11100 528   0  NH3           
2017  160500  459500 6.341E-04  1.220  50.0   1000  25.0   11100 528   0  NH3           
2017  160500  468500 5.944E-03  1.220  50.0   1000  25.0   11100 528   0  NH3           
2017  160500  471500 8.480E-03  1.220  50.0   1000  25.0   11100 528   0  NH3           
2017  160500  472500 7.926E-04  1.220  50.0   1000  25.0   11100 528   0  NH3           
2017  160500  501500 1.030E-03  1.220  50.0   1000  25.0   11100 528   0  NH3           
2017  160500  502500 8.717E-04  1.220  50.0   1000  25.0   11100 528   0  NH3           
2017  160500  571500 1.585E-04  1.220  50.0   1000  25.0   11100 528   0  NH3           
2017  160500  575500 1.585E-04  1.220  50.0   1000  25.0   11100 528   0  NH3           
2017  161430  472350 9.811E-03  0.002  10.0      0   0.0   11100 528   0  NH3           
2017  161500  378500 8.717E-04  1.220  50.0   1000  25.0   11100 528   0  NH3           
2017  161500  381500 5.548E-04  1.220  50.0   1000  25.0   11100 528   0  NH3           
2017  161500  382500 8.717E-04  1.220  50.0   1000  25.0   11100 528   0  NH3           
2017  161500  383500 1.981E-03  1.220  50.0   1000  25.0   11100 528   0  NH3           
2017  161500  384500 6.341E-04  1.220  50.0   1000  25.0   11100 528   0  NH3           
2017  161500  385500 5.548E-04  1.220  50.0   1000  25.0   11100 528   0  NH3           
2017  161500  386500 3.962E-04  1.220  50.0   1000  25.0   11100 528   0  NH3           
2017  161500  387500 2.378E-04  1.220  50.0   1000  25.0   11100 528   0  NH3           
2017  161500  390500 7.450E-03  1.220  50.0   1000  25.0   11100 528   0  NH3           
2017  161500  395500 3.962E-04  1.220  50.0   1000  25.0   11100 528   0  NH3           
2017  161500  408500 1.030E-03  1.220  50.0   1000  25.0   11100 528   0  NH3           
2017  161500  454500 2.378E-04  1.220  50.0   1000  25.0   11100 528   0  NH3           
2017  161500  470500 1.561E-02  1.220  50.0   1000  25.0   11100 528   0  NH3           
2017  161500  471500 1.507E-03  1.220  50.0   1000  25.0   11100 528   0  NH3           
2017  161500  502500 1.585E-04  1.220  50.0   1000  25.0   11100 528   0  NH3           
2017  161500  503500 2.299E-03  1.220  50.0   1000  25.0   11100 528   0  NH3           
2017  161500  573500 2.378E-04  1.220  50.0   1000  25.0   11100 528   0  NH3           
2017  161500  581500 3.962E-04  1.220  50.0   1000  25.0   11100 528   0  NH3           
2017  162500  373500 2.378E-03  1.220  50.0   1000  25.0   11100 528   0  NH3           
2017  162500  381500 1.981E-03  1.220  50.0   1000  25.0   11100 528   0  NH3           
2017  162500  401500 7.133E-04  1.220  50.0   1000  25.0   11100 528   0  NH3           
2017  162500  402500 2.061E-03  1.220  50.0   1000  25.0   11100 528   0  NH3           
2017  162500  406500 2.615E-03  1.220  50.0   1000  25.0   11100 528   0  NH3           
2017  162500  409500 1.189E-03  1.220  50.0   1000  25.0   11100 528   0  NH3           
2017  162500  419500 7.133E-04  1.220  50.0   1000  25.0   11100 528   0  NH3           
2017  162500  444500 7.133E-04  1.220  50.0   1000  25.0   11100 528   0  NH3           
2017  162500  454500 1.426E-03  1.220  50.0   1000  25.0   11100 528   0  NH3           
2017  162500  500500 7.133E-04  1.220  50.0   1000  25.0   11100 528   0  NH3           
2017  162500  564500 5.865E-03  1.220  50.0   1000  25.0   11100 528   0  NH3           
2017  163500  382500 6.182E-03  1.220  50.0   1000  25.0   11100 528   0  NH3           
2017  163500  383500 9.511E-04  1.220  50.0   1000  25.0   11100 528   0  NH3           
2017  163500  391500 5.548E-04  1.220  50.0   1000  25.0   11100 528   0  NH3           
2017  163500  403500 5.865E-03  1.220  50.0   1000  25.0   11100 528   0  NH3           
2017  163500  409500 3.329E-03  1.220  50.0   1000  25.0   11100 528   0  NH3           
2017  163500  413500 2.536E-03  1.220  50.0   1000  25.0   11100 528   0  NH3           
2017  163500  418500 1.507E-03  1.220  50.0   1000  25.0   11100 528   0  NH3           
2017  163500  419500 4.756E-04  1.220  50.0   1000  25.0   11100 528   0  NH3           
2017  163500  432500 3.011E-03  1.220  50.0   1000  25.0   11100 528   0  NH3           
2017  163500  440500 6.341E-04  1.220  50.0   1000  25.0   11100 528   0  NH3           
2017  163500  485500 1.172E-02  1.220  50.0   1000  25.0   11100 528   0  NH3           
2017  163500  486500 1.822E-03  1.220  50.0   1000  25.0   11100 528   0  NH3           
2017  163500  506500 3.962E-04  1.220  50.0   1000  25.0   11100 528   0  NH3           
2017  163500  545500 1.585E-04  1.220  50.0   1000  25.0   11100 528   0  NH3           
2017  164500  384500 5.548E-04  1.220  50.0   1000  25.0   11100 528   0  NH3           
2017  164500  419500 1.585E-04  1.220  50.0   1000  25.0   11100 528   0  NH3           
2017  164500  420500 3.169E-04  1.220  50.0   1000  25.0   11100 528   0  NH3           
2017  164500  424500 3.962E-04  1.220  50.0   1000  25.0   11100 528   0  NH3           
2017  164500  448500 9.511E-04  1.220  50.0   1000  25.0   11100 528   0  NH3           
2017  164500  463500 4.756E-04  1.220  50.0   1000  25.0   11100 528   0  NH3           
2017  164500  469500 3.169E-04  1.220  50.0   1000  25.0   11100 528   0  NH3           
2017  164500  505500 1.133E-02  1.220  50.0   1000  25.0   11100 528   0  NH3           
2017  164500  506500 1.308E-02  1.220  50.0   1000  25.0   11100 528   0  NH3           
2017  164500  540500 8.717E-04  1.220  50.0   1000  25.0   11100 528   0  NH3           
2017  164500  559500 1.585E-04  1.220  50.0   1000  25.0   11100 528   0  NH3           
2017  164500  565500 6.895E-03  1.220  50.0   1000  25.0   11100 528   0  NH3           
2017  164550  402920 3.330E-01  0.000   5.0      0   0.0   11100 528   0  NH3           
2017  165500  380500 5.548E-04  1.220  50.0   1000  25.0   11100 528   0  NH3           
2017  165500  386500 7.926E-04  1.220  50.0   1000  25.0   11100 528   0  NH3           
2017  165500  403500 1.822E-03  1.220  50.0   1000  25.0   11100 528   0  NH3           
2017  165500  412500 1.585E-04  1.220  50.0   1000  25.0   11100 528   0  NH3           
2017  165500  417500 1.743E-03  1.220  50.0   1000  25.0   11100 528   0  NH3           
2017  165500  418500 3.169E-04  1.220  50.0   1000  25.0   11100 528   0  NH3           
2017  165500  421500 1.585E-04  1.220  50.0   1000  25.0   11100 528   0  NH3           
2017  165500  422500 5.548E-04  1.220  50.0   1000  25.0   11100 528   0  NH3           
2017  165500  441500 7.133E-04  1.220  50.0   1000  25.0   11100 528   0  NH3           
2017  165500  442500 1.585E-04  1.220  50.0   1000  25.0   11100 528   0  NH3           
2017  165500  447500 4.756E-04  1.220  50.0   1000  25.0   11100 528   0  NH3           
2017  165500  450500 1.585E-03  1.220  50.0   1000  25.0   11100 528   0  NH3           
2017  165500  453500 2.378E-04  1.220  50.0   1000  25.0   11100 528   0  NH3           
2017  165500  454500 4.597E-03  1.220  50.0   1000  25.0   11100 528   0  NH3           
2017  165500  460500 2.378E-04  1.220  50.0   1000  25.0   11100 528   0  NH3           
2017  165500  482500 1.743E-03  1.220  50.0   1000  25.0   11100 528   0  NH3           
2017  165500  509500 3.962E-04  1.220  50.0   1000  25.0   11100 528   0  NH3           
2017  165500  544500 6.341E-04  1.220  50.0   1000  25.0   11100 528   0  NH3           
2017  165500  577500 3.487E-03  1.220  50.0   1000  25.0   11100 528   0  NH3           
2017  166500  380500 3.329E-03  1.220  50.0   1000  25.0   11100 528   0  NH3           
2017  166500  381500 1.244E-02  1.220  50.0   1000  25.0   11100 528   0  NH3           
2017  166500  384500 5.944E-03  1.220  50.0   1000  25.0   11100 528   0  NH3           
2017  166500  387500 1.426E-03  1.220  50.0   1000  25.0   11100 528   0  NH3           
2017  166500  403500 6.341E-04  1.220  50.0   1000  25.0   11100 528   0  NH3           
2017  166500  406500 3.169E-04  1.220  50.0   1000  25.0   11100 528   0  NH3           
2017  166500  416500 5.706E-03  1.220  50.0   1000  25.0   11100 528   0  NH3           
2017  166500  419500 7.133E-04  1.220  50.0   1000  25.0   11100 528   0  NH3           
2017  166500  420500 6.102E-03  1.220  50.0   1000  25.0   11100 528   0  NH3           
2017  166500  422500 1.189E-03  1.220  50.0   1000  25.0   11100 528   0  NH3           
2017  166500  435500 5.152E-03  1.220  50.0   1000  25.0   11100 528   0  NH3           
2017  166500  445500 3.962E-04  1.220  50.0   1000  25.0   11100 528   0  NH3           
2017  166500  446500 6.341E-04  1.220  50.0   1000  25.0   11100 528   0  NH3           
2017  166500  447500 7.133E-04  1.220  50.0   1000  25.0   11100 528   0  NH3           
2017  166500  448500 3.169E-04  1.220  50.0   1000  25.0   11100 528   0  NH3           
2017  166500  449500 1.585E-04  1.220  50.0   1000  25.0   11100 528   0  NH3           
2017  166500  574500 6.341E-04  1.220  50.0   1000  25.0   11100 528   0  NH3           
2017  166500  577500 3.883E-03  1.220  50.0   1000  25.0   11100 528   0  NH3           
2017  167500  362500 3.962E-04  1.220  50.0   1000  25.0   11100 528   0  NH3           
2017  167500  364500 8.717E-04  1.220  50.0   1000  25.0   11100 528   0  NH3           
2017  167500  381500 4.756E-04  1.220  50.0   1000  25.0   11100 528   0  NH3           
2017  167500  412500 8.717E-04  1.220  50.0   1000  25.0   11100 528   0  NH3           
2017  167500  417500 2.775E-03  1.220  50.0   1000  25.0   11100 528   0  NH3           
2017  167500  420500 1.030E-03  1.220  50.0   1000  25.0   11100 528   0  NH3           
2017  167500  435500 6.341E-04  1.220  50.0   1000  25.0   11100 528   0  NH3           
2017  167500  436500 6.182E-03  1.220  50.0   1000  25.0   11100 528   0  NH3           
2017  167500  438500 7.133E-04  1.220  50.0   1000  25.0   11100 528   0  NH3           
2017  167500  441500 1.426E-03  1.220  50.0   1000  25.0   11100 528   0  NH3           
2017  167500  446500 1.822E-03  1.220  50.0   1000  25.0   11100 528   0  NH3           
2017  167500  447500 8.480E-03  1.220  50.0   1000  25.0   11100 528   0  NH3           
2017  167500  450500 3.407E-03  1.220  50.0   1000  25.0   11100 528   0  NH3           
2017  167500  465500 1.585E-04  1.220  50.0   1000  25.0   11100 528   0  NH3           
2017  168500  364500 1.426E-03  1.220  50.0   1000  25.0   11100 528   0  NH3           
2017  168500  376500 1.585E-04  1.220  50.0   1000  25.0   11100 528   0  NH3           
2017  168500  399500 2.378E-04  1.220  50.0   1000  25.0   11100 528   0  NH3           
2017  168500  438500 6.023E-03  1.220  50.0   1000  25.0   11100 528   0  NH3           
2017  168500  452500 3.726E-03  1.220  50.0   1000  25.0   11100 528   0  NH3           
2017  168500  461500 3.091E-03  1.220  50.0   1000  25.0   11100 528   0  NH3           
2017  168500  464500 1.030E-03  1.220  50.0   1000  25.0   11100 528   0  NH3           
2017  168500  465500 7.926E-04  1.220  50.0   1000  25.0   11100 528   0  NH3           
2017  168500  475500 1.133E-02  1.220  50.0   1000  25.0   11100 528   0  NH3           
2017  168500  478500 4.756E-04  1.220  50.0   1000  25.0   11100 528   0  NH3           
2017  168500  545500 1.268E-03  1.220  50.0   1000  25.0   11100 528   0  NH3           
2017  168500  584500 3.962E-04  1.220  50.0   1000  25.0   11100 528   0  NH3           
2017  169500  385500 1.585E-04  1.220  50.0   1000  25.0   11100 528   0  NH3           
2017  169500  392500 3.169E-04  1.220  50.0   1000  25.0   11100 528   0  NH3           
2017  169500  438500 1.110E-03  1.220  50.0   1000  25.0   11100 528   0  NH3           
2017  169500  463500 6.974E-03  1.220  50.0   1000  25.0   11100 528   0  NH3           
2017  169500  464500 1.268E-03  1.220  50.0   1000  25.0   11100 528   0  NH3           
2017  169500  465500 2.615E-03  1.220  50.0   1000  25.0   11100 528   0  NH3           
2017  169500  473500 3.169E-04  1.220  50.0   1000  25.0   11100 528   0  NH3           
2017  169500  474500 2.933E-03  1.220  50.0   1000  25.0   11100 528   0  NH3           
2017  169500  478500 3.169E-04  1.220  50.0   1000  25.0   11100 528   0  NH3           
2017  169500  481500 4.756E-04  1.220  50.0   1000  25.0   11100 528   0  NH3           
2017  169500  518500 7.767E-03  1.220  50.0   1000  25.0   11100 528   0  NH3           
2017  169500  519500 1.220E-02  1.220  50.0   1000  25.0   11100 528   0  NH3           
2017  169500  553500 1.507E-03  1.220  50.0   1000  25.0   11100 528   0  NH3           
2017  169500  558500 1.585E-04  1.220  50.0   1000  25.0   11100 528   0  NH3           
2017  170500  368500 1.379E-02  1.220  50.0   1000  25.0   11100 528   0  NH3           
2017  170500  383500 1.268E-03  1.220  50.0   1000  25.0   11100 528   0  NH3           
2017  170500  384500 3.962E-04  1.220  50.0   1000  25.0   11100 528   0  NH3           
2017  170500  391500 2.378E-04  1.220  50.0   1000  25.0   11100 528   0  NH3           
2017  170500  392500 1.822E-03  1.220  50.0   1000  25.0   11100 528   0  NH3           
2017  170500  400500 3.962E-03  1.220  50.0   1000  25.0   11100 528   0  NH3           
2017  170500  402500 2.378E-04  1.220  50.0   1000  25.0   11100 528   0  NH3           
2017  170500  407500 3.169E-04  1.220  50.0   1000  25.0   11100 528   0  NH3           
2017  170500  433500 3.329E-03  1.220  50.0   1000  25.0   11100 528   0  NH3           
2017  170500  438500 7.926E-04  1.220  50.0   1000  25.0   11100 528   0  NH3           
2017  170500  450500 9.511E-04  1.220  50.0   1000  25.0   11100 528   0  NH3           
2017  170500  453500 2.775E-03  1.220  50.0   1000  25.0   11100 528   0  NH3           
2017  170500  454500 2.933E-03  1.220  50.0   1000  25.0   11100 528   0  NH3           
2017  170500  455500 1.268E-03  1.220  50.0   1000  25.0   11100 528   0  NH3           
2017  170500  464500 4.359E-03  1.220  50.0   1000  25.0   11100 528   0  NH3           
2017  170500  466500 9.511E-04  1.220  50.0   1000  25.0   11100 528   0  NH3           
2017  170500  473500 1.624E-02  1.220  50.0   1000  25.0   11100 528   0  NH3           
2017  170500  474500 2.457E-03  1.220  50.0   1000  25.0   11100 528   0  NH3           
2017  170500  478500 9.511E-04  1.220  50.0   1000  25.0   11100 528   0  NH3           
2017  170500  479500 1.743E-03  1.220  50.0   1000  25.0   11100 528   0  NH3           
2017  170500  481500 5.786E-03  1.220  50.0   1000  25.0   11100 528   0  NH3           
2017  170500  483500 4.359E-03  1.220  50.0   1000  25.0   11100 528   0  NH3           
2017  170500  484500 3.804E-03  1.220  50.0   1000  25.0   11100 528   0  NH3           
2017  170500  490500 2.378E-04  1.220  50.0   1000  25.0   11100 528   0  NH3           
2017  170500  518500 4.914E-02  1.220  50.0   1000  25.0   11100 528   0  NH3           
2017  170500  528500 1.268E-03  1.220  50.0   1000  25.0   11100 528   0  NH3           
2017  170500  558500 3.962E-04  1.220  50.0   1000  25.0   11100 528   0  NH3           
2017  171500  385500 1.585E-04  1.220  50.0   1000  25.0   11100 528   0  NH3           
2017  171500  388500 9.511E-04  1.220  50.0   1000  25.0   11100 528   0  NH3           
2017  171500  391500 2.775E-03  1.220  50.0   1000  25.0   11100 528   0  NH3           
2017  171500  479500 7.926E-04  1.220  50.0   1000  25.0   11100 528   0  NH3           
2017  171500  480500 1.585E-04  1.220  50.0   1000  25.0   11100 528   0  NH3           
2017  171500  483500 5.548E-04  1.220  50.0   1000  25.0   11100 528   0  NH3           
2017  171500  484500 4.756E-04  1.220  50.0   1000  25.0   11100 528   0  NH3           
2017  171500  518500 3.169E-03  1.220  50.0   1000  25.0   11100 528   0  NH3           
2017  171500  519500 7.926E-04  1.220  50.0   1000  25.0   11100 528   0  NH3           
2017  171500  550500 2.378E-04  1.220  50.0   1000  25.0   11100 528   0  NH3           
2017  171500  578500 3.250E-03  1.220  50.0   1000  25.0   11100 528   0  NH3           
2017  171500  606500 3.169E-04  1.220  50.0   1000  25.0   11100 528   0  NH3           
2017  172500  386500 1.346E-03  1.220  50.0   1000  25.0   11100 528   0  NH3           
2017  172500  387500 6.341E-04  1.220  50.0   1000  25.0   11100 528   0  NH3           
2017  172500  391500 9.511E-04  1.220  50.0   1000  25.0   11100 528   0  NH3           
2017  172500  395500 4.756E-04  1.220  50.0   1000  25.0   11100 528   0  NH3           
2017  172500  407500 1.418E-02  1.220  50.0   1000  25.0   11100 528   0  NH3           
2017  172500  417500 1.030E-03  1.220  50.0   1000  25.0   11100 528   0  NH3           
2017  172500  420500 7.926E-04  1.220  50.0   1000  25.0   11100 528   0  NH3           
2017  172500  443500 3.962E-04  1.220  50.0   1000  25.0   11100 528   0  NH3           
2017  172500  446500 1.585E-03  1.220  50.0   1000  25.0   11100 528   0  NH3           
2017  172500  450500 5.548E-04  1.220  50.0   1000  25.0   11100 528   0  NH3           
2017  172500  483500 1.585E-04  1.220  50.0   1000  25.0   11100 528   0  NH3           
2017  172500  485500 6.895E-03  1.220  50.0   1000  25.0   11100 528   0  NH3           
2017  172500  486500 2.036E-02  1.220  50.0   1000  25.0   11100 528   0  NH3           
2017  172500  509500 1.030E-03  1.220  50.0   1000  25.0   11100 528   0  NH3           
2017  172500  583500 1.585E-04  1.220  50.0   1000  25.0   11100 528   0  NH3           
2017  172500  584500 3.169E-04  1.220  50.0   1000  25.0   11100 528   0  NH3           
2017  173500  361500 1.189E-03  1.220  50.0   1000  25.0   11100 528   0  NH3           
2017  173500  387500 1.743E-03  1.220  50.0   1000  25.0   11100 528   0  NH3           
2017  173500  388500 2.378E-04  1.220  50.0   1000  25.0   11100 528   0  NH3           
2017  173500  406500 1.346E-03  1.220  50.0   1000  25.0   11100 528   0  NH3           
2017  173500  407500 1.213E-02  1.220  50.0   1000  25.0   11100 528   0  NH3           
2017  173500  409500 9.511E-04  1.220  50.0   1000  25.0   11100 528   0  NH3           
2017  173500  423500 7.926E-04  1.220  50.0   1000  25.0   11100 528   0  NH3           
2017  173500  431500 2.378E-04  1.220  50.0   1000  25.0   11100 528   0  NH3           
2017  173500  436500 1.268E-03  1.220  50.0   1000  25.0   11100 528   0  NH3           
2017  173500  441500 2.775E-03  1.220  50.0   1000  25.0   11100 528   0  NH3           
2017  173500  442500 5.548E-04  1.220  50.0   1000  25.0   11100 528   0  NH3           
2017  173500  443500 3.169E-04  1.220  50.0   1000  25.0   11100 528   0  NH3           
2017  173500  446500 1.585E-04  1.220  50.0   1000  25.0   11100 528   0  NH3           
2017  173500  447500 1.775E-02  1.220  50.0   1000  25.0   11100 528   0  NH3           
2017  173500  450500 1.585E-04  1.220  50.0   1000  25.0   11100 528   0  NH3           
2017  173500  459500 5.152E-03  1.220  50.0   1000  25.0   11100 528   0  NH3           
2017  173500  484500 4.756E-04  1.220  50.0   1000  25.0   11100 528   0  NH3           
2017  173500  531500 2.140E-03  1.220  50.0   1000  25.0   11100 528   0  NH3           
2017  173500  560500 4.518E-03  1.220  50.0   1000  25.0   11100 528   0  NH3           
2017  173500  581500 2.378E-04  1.220  50.0   1000  25.0   11100 528   0  NH3           
2017  174500  315500 5.548E-04  1.220  50.0   1000  25.0   11100 528   0  NH3           
2017  174500  317500 2.140E-03  1.220  50.0   1000  25.0   11100 528   0  NH3           
2017  174500  318500 5.548E-04  1.220  50.0   1000  25.0   11100 528   0  NH3           
2017  174500  319500 6.341E-04  1.220  50.0   1000  25.0   11100 528   0  NH3           
2017  174500  386500 1.585E-04  1.220  50.0   1000  25.0   11100 528   0  NH3           
2017  174500  387500 7.926E-04  1.220  50.0   1000  25.0   11100 528   0  NH3           
2017  174500  388500 1.902E-03  1.220  50.0   1000  25.0   11100 528   0  NH3           
2017  174500  401500 1.189E-03  1.220  50.0   1000  25.0   11100 528   0  NH3           
2017  174500  412500 6.341E-04  1.220  50.0   1000  25.0   11100 528   0  NH3           
2017  174500  435500 2.299E-03  1.220  50.0   1000  25.0   11100 528   0  NH3           
2017  174500  442500 1.902E-03  1.220  50.0   1000  25.0   11100 528   0  NH3           
2017  174500  445500 2.299E-03  1.220  50.0   1000  25.0   11100 528   0  NH3           
2017  174500  450500 1.346E-03  1.220  50.0   1000  25.0   11100 528   0  NH3           
2017  174500  462500 1.585E-04  1.220  50.0   1000  25.0   11100 528   0  NH3           
2017  174500  467500 2.013E-02  1.220  50.0   1000  25.0   11100 528   0  NH3           
2017  174500  485500 2.378E-04  1.220  50.0   1000  25.0   11100 528   0  NH3           
2017  174500  560500 8.242E-03  1.220  50.0   1000  25.0   11100 528   0  NH3           
2017  174500  563500 4.756E-04  1.220  50.0   1000  25.0   11100 528   0  NH3           
2017  175500  317500 3.169E-04  1.220  50.0   1000  25.0   11100 528   0  NH3           
2017  175500  319500 2.378E-04  1.220  50.0   1000  25.0   11100 528   0  NH3           
2017  175500  362500 1.585E-04  1.220  50.0   1000  25.0   11100 528   0  NH3           
2017  175500  363500 2.378E-03  1.220  50.0   1000  25.0   11100 528   0  NH3           
2017  175500  381500 3.169E-04  1.220  50.0   1000  25.0   11100 528   0  NH3           
2017  175500  385500 6.023E-03  1.220  50.0   1000  25.0   11100 528   0  NH3           
2017  175500  386500 9.747E-03  1.220  50.0   1000  25.0   11100 528   0  NH3           
2017  175500  396500 1.585E-04  1.220  50.0   1000  25.0   11100 528   0  NH3           
2017  175500  400500 1.585E-04  1.220  50.0   1000  25.0   11100 528   0  NH3           
2017  175500  445500 6.341E-04  1.220  50.0   1000  25.0   11100 528   0  NH3           
2017  175500  446500 2.378E-04  1.220  50.0   1000  25.0   11100 528   0  NH3           
2017  175500  466500 3.250E-03  1.220  50.0   1000  25.0   11100 528   0  NH3           
2017  175500  536500 4.756E-04  1.220  50.0   1000  25.0   11100 528   0  NH3           
2017  175500  559500 1.665E-03  1.220  50.0   1000  25.0   11100 528   0  NH3           
2017  176500  317500 5.626E-03  1.220  50.0   1000  25.0   11100 528   0  NH3           
2017  176500  320500 5.548E-04  1.220  50.0   1000  25.0   11100 528   0  NH3           
2017  176500  360500 2.140E-03  1.220  50.0   1000  25.0   11100 528   0  NH3           
2017  176500  362500 4.993E-03  1.220  50.0   1000  25.0   11100 528   0  NH3           
2017  176500  374500 1.585E-04  1.220  50.0   1000  25.0   11100 528   0  NH3           
2017  176500  382500 5.548E-04  1.220  50.0   1000  25.0   11100 528   0  NH3           
2017  176500  383500 3.962E-03  1.220  50.0   1000  25.0   11100 528   0  NH3           
2017  176500  384500 5.944E-03  1.220  50.0   1000  25.0   11100 528   0  NH3           
2017  176500  386500 2.615E-03  1.220  50.0   1000  25.0   11100 528   0  NH3           
2017  176500  396500 2.140E-03  1.220  50.0   1000  25.0   11100 528   0  NH3           
2017  176500  403500 3.169E-04  1.220  50.0   1000  25.0   11100 528   0  NH3           
2017  176500  465500 6.102E-03  1.220  50.0   1000  25.0   11100 528   0  NH3           
2017  176500  496500 1.743E-03  1.220  50.0   1000  25.0   11100 528   0  NH3           
2017  176500  505500 1.585E-04  1.220  50.0   1000  25.0   11100 528   0  NH3           
2017  176500  539500 1.681E-02  1.220  50.0   1000  25.0   11100 528   0  NH3           
2017  176500  583500 5.548E-04  1.220  50.0   1000  25.0   11100 528   0  NH3           
2017  176500  592500 1.585E-04  1.220  50.0   1000  25.0   11100 528   0  NH3           
2017  177500  309500 8.717E-04  1.220  50.0   1000  25.0   11100 528   0  NH3           
2017  177500  313500 1.585E-03  1.220  50.0   1000  25.0   11100 528   0  NH3           
2017  177500  314500 1.426E-03  1.220  50.0   1000  25.0   11100 528   0  NH3           
2017  177500  316500 9.511E-04  1.220  50.0   1000  25.0   11100 528   0  NH3           
2017  177500  317500 2.378E-03  1.220  50.0   1000  25.0   11100 528   0  NH3           
2017  177500  361500 3.169E-04  1.220  50.0   1000  25.0   11100 528   0  NH3           
2017  177500  362500 5.944E-03  1.220  50.0   1000  25.0   11100 528   0  NH3           
2017  177500  377500 3.646E-03  1.220  50.0   1000  25.0   11100 528   0  NH3           
2017  177500  383500 6.341E-03  1.220  50.0   1000  25.0   11100 528   0  NH3           
2017  177500  384500 3.582E-02  1.220  50.0   1000  25.0   11100 528   0  NH3           
2017  177500  388500 1.585E-04  1.220  50.0   1000  25.0   11100 528   0  NH3           
2017  177500  394500 1.387E-02  1.220  50.0   1000  25.0   11100 528   0  NH3           
2017  177500  438500 1.030E-03  1.220  50.0   1000  25.0   11100 528   0  NH3           
2017  177500  458500 3.169E-04  1.220  50.0   1000  25.0   11100 528   0  NH3           
2017  177500  471500 1.110E-03  1.220  50.0   1000  25.0   11100 528   0  NH3           
2017  177500  476500 1.346E-03  1.220  50.0   1000  25.0   11100 528   0  NH3           
2017  177500  504500 7.133E-04  1.220  50.0   1000  25.0   11100 528   0  NH3           
2017  177500  505500 8.717E-04  1.220  50.0   1000  25.0   11100 528   0  NH3           
2017  177500  576500 1.110E-03  1.220  50.0   1000  25.0   11100 528   0  NH3           
2017  178500  313500 8.401E-03  1.220  50.0   1000  25.0   11100 528   0  NH3           
2017  178500  316500 3.169E-04  1.220  50.0   1000  25.0   11100 528   0  NH3           
2017  178500  317500 6.341E-04  1.220  50.0   1000  25.0   11100 528   0  NH3           
2017  178500  320500 3.313E-02  1.220  50.0   1000  25.0   11100 528   0  NH3           
2017  178500  362500 4.756E-04  1.220  50.0   1000  25.0   11100 528   0  NH3           
2017  178500  363500 2.362E-02  1.220  50.0   1000  25.0   11100 528   0  NH3           
2017  178500  375500 1.507E-03  1.220  50.0   1000  25.0   11100 528   0  NH3           
2017  178500  377500 1.981E-03  1.220  50.0   1000  25.0   11100 528   0  NH3           
2017  178500  378500 6.102E-03  1.220  50.0   1000  25.0   11100 528   0  NH3           
2017  178500  412500 3.962E-04  1.220  50.0   1000  25.0   11100 528   0  NH3           
2017  178500  419500 4.756E-04  1.220  50.0   1000  25.0   11100 528   0  NH3           
2017  178500  423500 5.548E-04  1.220  50.0   1000  25.0   11100 528   0  NH3           
2017  178500  424500 1.507E-03  1.220  50.0   1000  25.0   11100 528   0  NH3           
2017  178500  442500 6.341E-04  1.220  50.0   1000  25.0   11100 528   0  NH3           
2017  178500  443500 3.169E-04  1.220  50.0   1000  25.0   11100 528   0  NH3           
2017  178500  459500 4.756E-04  1.220  50.0   1000  25.0   11100 528   0  NH3           
2017  178500  470500 1.585E-04  1.220  50.0   1000  25.0   11100 528   0  NH3           
2017  178500  477500 5.944E-03  1.220  50.0   1000  25.0   11100 528   0  NH3           
2017  179500  312500 1.902E-03  1.220  50.0   1000  25.0   11100 528   0  NH3           
2017  179500  313500 1.507E-03  1.220  50.0   1000  25.0   11100 528   0  NH3           
2017  179500  316500 1.268E-03  1.220  50.0   1000  25.0   11100 528   0  NH3           
2017  179500  318500 5.548E-04  1.220  50.0   1000  25.0   11100 528   0  NH3           
2017  179500  319500 2.299E-03  1.220  50.0   1000  25.0   11100 528   0  NH3           
2017  179500  330500 1.585E-04  1.220  50.0   1000  25.0   11100 528   0  NH3           
2017  179500  362500 5.548E-04  1.220  50.0   1000  25.0   11100 528   0  NH3           
2017  179500  364500 8.004E-03  1.220  50.0   1000  25.0   11100 528   0  NH3           
2017  179500  373500 1.585E-04  1.220  50.0   1000  25.0   11100 528   0  NH3           
2017  179500  374500 3.329E-03  1.220  50.0   1000  25.0   11100 528   0  NH3           
2017  179500  379500 1.665E-03  1.220  50.0   1000  25.0   11100 528   0  NH3           
2017  179500  380500 1.346E-03  1.220  50.0   1000  25.0   11100 528   0  NH3           
2017  179500  382500 1.585E-04  1.220  50.0   1000  25.0   11100 528   0  NH3           
2017  179500  390500 6.341E-04  1.220  50.0   1000  25.0   11100 528   0  NH3           
2017  179500  399500 3.169E-04  1.220  50.0   1000  25.0   11100 528   0  NH3           
2017  179500  402500 3.091E-03  1.220  50.0   1000  25.0   11100 528   0  NH3           
2017  179500  418500 3.169E-04  1.220  50.0   1000  25.0   11100 528   0  NH3           
2017  179500  419500 5.548E-04  1.220  50.0   1000  25.0   11100 528   0  NH3           
2017  179500  424500 1.030E-03  1.220  50.0   1000  25.0   11100 528   0  NH3           
2017  179500  426500 4.756E-03  1.220  50.0   1000  25.0   11100 528   0  NH3           
2017  179500  429500 1.696E-02  1.220  50.0   1000  25.0   11100 528   0  NH3           
2017  179500  431500 1.507E-03  1.220  50.0   1000  25.0   11100 528   0  NH3           
2017  179500  459500 1.189E-03  1.220  50.0   1000  25.0   11100 528   0  NH3           
2017  179500  522500 4.756E-04  1.220  50.0   1000  25.0   11100 528   0  NH3           
2017  179500  523500 4.756E-04  1.220  50.0   1000  25.0   11100 528   0  NH3           
2017  179500  524500 9.430E-03  1.220  50.0   1000  25.0   11100 528   0  NH3           
2017  179500  548500 3.726E-03  1.220  50.0   1000  25.0   11100 528   0  NH3           
2017  179500  585500 1.426E-03  1.220  50.0   1000  25.0   11100 528   0  NH3           
2017  180500  321500 3.962E-04  1.220  50.0   1000  25.0   11100 528   0  NH3           
2017  180500  330500 1.585E-04  1.220  50.0   1000  25.0   11100 528   0  NH3           
2017  180500  366500 1.346E-03  1.220  50.0   1000  25.0   11100 528   0  NH3           
2017  180500  378500 6.341E-04  1.220  50.0   1000  25.0   11100 528   0  NH3           
2017  180500  379500 1.585E-04  1.220  50.0   1000  25.0   11100 528   0  NH3           
2017  180500  380500 1.585E-04  1.220  50.0   1000  25.0   11100 528   0  NH3           
2017  180500  382500 1.624E-02  1.220  50.0   1000  25.0   11100 528   0  NH3           
2017  180500  425500 1.545E-02  1.220  50.0   1000  25.0   11100 528   0  NH3           
2017  180500  427500 3.407E-03  1.220  50.0   1000  25.0   11100 528   0  NH3           
2017  180500  460500 1.268E-03  1.220  50.0   1000  25.0   11100 528   0  NH3           
2017  180500  486500 5.626E-03  1.220  50.0   1000  25.0   11100 528   0  NH3           
2017  180500  524500 1.585E-04  1.220  50.0   1000  25.0   11100 528   0  NH3           
2017  180500  549500 3.169E-04  1.220  50.0   1000  25.0   11100 528   0  NH3           
2017  180500  577500 6.420E-03  1.220  50.0   1000  25.0   11100 528   0  NH3           
2017  180500  578500 7.450E-03  1.220  50.0   1000  25.0   11100 528   0  NH3           
2017  180500  585500 1.585E-04  1.220  50.0   1000  25.0   11100 528   0  NH3           
2017  180500  591500 3.384E-02  1.220  50.0   1000  25.0   11100 528   0  NH3           
2017  180500  606500 1.507E-03  1.220  50.0   1000  25.0   11100 528   0  NH3           
2017  181500  315500 3.169E-04  1.220  50.0   1000  25.0   11100 528   0  NH3           
2017  181500  327500 5.548E-04  1.220  50.0   1000  25.0   11100 528   0  NH3           
