snr    x(m)    y(m)   q(g/s)   hc(MW)  h(m)   r(m)  s(m) dv  cat area  ps component     bronomschrijving
2017  204500  367500 2.639E-02  0.500   3.5   1000   1.8   05000 528   0  NOx           
2017  204500  378500 1.159E-01  0.500   3.5   1000   1.8   05000 528   0  NOx           
2017  205500  378500 8.445E-03  0.500   3.5   1000   1.8   05000 528   0  NOx           
2017  206500  429500 6.545E-02  0.500   3.5   1000   1.8   05000 528   0  NOx           
2017  207500  377500 5.278E-03  0.500   3.5   1000   1.8   05000 528   0  NOx           
2017  207500  435500 2.111E-03  0.500   3.5   1000   1.8   05000 528   0  NOx           
2017  207500  580500 2.111E-03  0.500   3.5   1000   1.8   05000 528   0  NOx           
2017  208500  374500 2.111E-03  0.500   3.5   1000   1.8   05000 528   0  NOx           
2017  208500  504500 6.894E-02  0.500   3.5   1000   1.8   05000 528   0  NOx           
2017  209500  387500 2.111E-03  0.500   3.5   1000   1.8   05000 528   0  NOx           
2017  210294  463909 2.819E-01  1.541  85.0      0   0.0   05000 528   0  NOx           
2017  210500  462500 2.111E-03  0.500   3.5   1000   1.8   05000 528   0  NOx           
2017  210500  463500 1.478E-02  0.500   3.5   1000   1.8   05000 528   0  NOx           
2017  210500  515500 4.223E-03  0.500   3.5   1000   1.8   05000 528   0  NOx           
2017  211500  460500 2.111E-03  0.500   3.5   1000   1.8   05000 528   0  NOx           
2017  213500  490500 5.278E-03  0.500   3.5   1000   1.8   05000 528   0  NOx           
2017  218500  558500 2.052E-02  0.500   3.5   1000   1.8   05000 528   0  NOx           
2017  219500  447500 6.242E-02  0.500   3.5   1000   1.8   05000 528   0  NOx           
2017  220500  574500 3.273E-02  0.500   3.5   1000   1.8   05000 528   0  NOx           
2017  220500  577500 6.334E-03  0.500   3.5   1000   1.8   05000 528   0  NOx           
2017  225500  573500 6.334E-03  0.500   3.5   1000   1.8   05000 528   0  NOx           
2017  227500  465500 3.939E-02  0.500   3.5   1000   1.8   05000 528   0  NOx           
2017  229500  527500 2.533E-02  0.500   3.5   1000   1.8   05000 528   0  NOx           
2017  230500  485500 2.111E-03  0.500   3.5   1000   1.8   05000 528   0  NOx           
2017  230500  515500 6.334E-03  0.500   3.5   1000   1.8   05000 528   0  NOx           
2017  230500  530500 5.278E-03  0.500   3.5   1000   1.8   05000 528   0  NOx           
2017  230500  534500 1.687E-01  0.500   3.5   1000   1.8   05000 528   0  NOx           
2017  231070  534360 7.237E+00 12.367  80.0      0   0.0   05000 528   0  NOx           
2017  231500  534500 2.806E-01  0.500   3.5   1000   1.8   05000 528   0  NOx           
2017  231500  579500 5.278E-03  0.500   3.5   1000   1.8   05000 528   0  NOx           
2017  232500  481500 5.278E-03  0.500   3.5   1000   1.8   05000 528   0  NOx           
2017  232500  497500 4.223E-03  0.500   3.5   1000   1.8   05000 528   0  NOx           
2017  232500  507500 5.278E-03  0.500   3.5   1000   1.8   05000 528   0  NOx           
2017  232500  508500 1.974E-02  0.500   3.5   1000   1.8   05000 528   0  NOx           
2017  234500  578500 4.223E-03  0.500   3.5   1000   1.8   05000 528   0  NOx           
2017  234500  600500 1.907E-02  0.500   3.5   1000   1.8   05000 528   0  NOx           
2017  235500  558500 2.216E-02  0.500   3.5   1000   1.8   05000 528   0  NOx           
2017  235500  580500 3.167E-03  0.500   3.5   1000   1.8   05000 528   0  NOx           
2017  235500  583500 1.056E-02  0.500   3.5   1000   1.8   05000 528   0  NOx           
2017  236500  472500 7.390E-03  0.500   3.5   1000   1.8   05000 528   0  NOx           
2017  236500  473500 2.111E-03  0.500   3.5   1000   1.8   05000 528   0  NOx           
2017  236500  580500 9.501E-03  0.500   3.5   1000   1.8   05000 528   0  NOx           
2017  237500  444500 6.334E-02  0.500   3.5   1000   1.8   05000 528   0  NOx           
2017  237500  445500 2.111E-02  0.500   3.5   1000   1.8   05000 528   0  NOx           
2017  237500  446500 2.111E-03  0.500   3.5   1000   1.8   05000 528   0  NOx           
2017  237500  474500 9.501E-03  0.500   3.5   1000   1.8   05000 528   0  NOx           
2017  237500  513500 2.243E-02  0.500   3.5   1000   1.8   05000 528   0  NOx           
2017  237500  579500 5.588E-02  0.500   3.5   1000   1.8   05000 528   0  NOx           
2017  237500  580500 8.606E-02  0.500   3.5   1000   1.8   05000 528   0  NOx           
2017  237960  474300 3.904E-01  0.000   3.0      0   0.0   05000 528   0  NOx           
2017  238040  474100 6.958E-01  0.720  18.0      0   0.0   05000 528   0  NOx           
2017  239500  452500 2.323E-02  0.500   3.5   1000   1.8   05000 528   0  NOx           
2017  239500  461500 1.478E-02  0.500   3.5   1000   1.8   05000 528   0  NOx           
2017  239500  496500 2.111E-03  0.500   3.5   1000   1.8   05000 528   0  NOx           
2017  240500  475500 4.847E-02  0.500   3.5   1000   1.8   05000 528   0  NOx           
2017  244500  576500 1.478E-02  0.500   3.5   1000   1.8   05000 528   0  NOx           
2017  245500  483500 4.273E-02  0.500   3.5   1000   1.8   05000 528   0  NOx           
2017  246500  498500 1.583E-02  0.500   3.5   1000   1.8   05000 528   0  NOx           
2017  247500  443500 2.111E-03  0.500   3.5   1000   1.8   05000 528   0  NOx           
2017  250428  472719 1.683E+00  9.204  80.0      0   0.0   05000 528   0  NOx           
2017  250428  472719 1.768E+00  9.204  80.0      0   0.0   05000 528   0  NOx           
2017  250428  472719 2.995E+00 18.647  80.0      0   0.0   05000 528   0  NOx           
2017  250442  472679 3.265E-03  0.362  10.0      0   0.0   05000 528   0  NOx           
2017  250500  472500 1.745E-01  0.500   3.5   1000   1.8   05000 528   0  NOx           
2017  250500  473500 4.012E-02  0.500   3.5   1000   1.8   05000 528   0  NOx           
2017  250521  472513 2.030E+00 11.011  80.0      0   0.0   05000 528   0  NOx           
2017  250522  472748 1.168E-02  0.435  40.0      0   0.0   05000 528   0  NOx           
2017  250827  472592 1.083E-02  0.329  12.0      0   0.0   05000 528   0  NOx           
2017  250828  472570 1.193E-02  0.329  12.0      0   0.0   05000 528   0  NOx           
2017  250935  607160 5.074E-01  1.822  44.0      0   0.0   05000 528   0  NOx           
2017  251500  472500 2.531E-02  0.500   3.5   1000   1.8   05000 528   0  NOx           
2017  252500  569500 1.352E-01  0.500   3.5   1000   1.8   05000 528   0  NOx           
2017  254500  493500 1.900E-02  0.500   3.5   1000   1.8   05000 528   0  NOx           
2017  254500  575500 9.501E-03  0.500   3.5   1000   1.8   05000 528   0  NOx           
2017  255500  471500 2.111E-03  0.500   3.5   1000   1.8   05000 528   0  NOx           
2017  255500  571500 4.223E-03  0.500   3.5   1000   1.8   05000 528   0  NOx           
2017  257500  468500 3.167E-03  0.500   3.5   1000   1.8   05000 528   0  NOx           
2017  258500  525500 5.278E-03  0.500   3.5   1000   1.8   05000 528   0  NOx           
2017  258500  530500 1.583E-02  0.500   3.5   1000   1.8   05000 528   0  NOx           
2017  258500  531500 8.445E-03  0.500   3.5   1000   1.8   05000 528   0  NOx           
2017  258500  532500 3.484E-02  0.500   3.5   1000   1.8   05000 528   0  NOx           
2017  258500  593500 2.111E-02  0.500   3.5   1000   1.8   05000 528   0  NOx           
2017  259500  530500 6.334E-03  0.500   3.5   1000   1.8   05000 528   0  NOx           
2017  259500  568500 1.373E-02  0.500   3.5   1000   1.8   05000 528   0  NOx           
2017  260500  530500 5.278E-03  0.500   3.5   1000   1.8   05000 528   0  NOx           
2017  260500  554500 2.111E-03  0.500   3.5   1000   1.8   05000 528   0  NOx           
2017  260500  589500 1.823E-02  0.500   3.5   1000   1.8   05000 528   0  NOx           
2017  260500  590500 1.583E-02  0.500   3.5   1000   1.8   05000 528   0  NOx           
2017  261500  568500 4.400E-02  0.500   3.5   1000   1.8   05000 528   0  NOx           
2017  261500  591500 2.745E-02  0.500   3.5   1000   1.8   05000 528   0  NOx           
2017  261673  592659 1.688E+00  4.554  70.0      0   0.0   05000 528   0  NOx           
2017  261673  592659 1.831E+00  4.686  70.0      0   0.0   05000 528   0  NOx           
2017  262500  471500 2.111E-03  0.500   3.5   1000   1.8   05000 528   0  NOx           
2017  262500  486500 1.056E-02  0.500   3.5   1000   1.8   05000 528   0  NOx           
2017  262500  576500 1.267E-02  0.500   3.5   1000   1.8   05000 528   0  NOx           
2017  264500  572500 2.111E-03  0.500   3.5   1000   1.8   05000 528   0  NOx           
2017  265500  489500 4.223E-03  0.500   3.5   1000   1.8   05000 528   0  NOx           
