2017  181500  328500 8.717E-04  1.220  50.0   1000  25.0   11100 528   0  NH3           
2017  181500  331500 2.299E-03  1.220  50.0   1000  25.0   11100 528   0  NH3           
2017  181500  339500 3.169E-04  1.220  50.0   1000  25.0   11100 528   0  NH3           
2017  181500  385500 1.189E-03  1.220  50.0   1000  25.0   11100 528   0  NH3           
2017  181500  399500 1.585E-03  1.220  50.0   1000  25.0   11100 528   0  NH3           
2017  181500  474500 5.706E-03  1.220  50.0   1000  25.0   11100 528   0  NH3           
2017  181500  487500 7.608E-03  1.220  50.0   1000  25.0   11100 528   0  NH3           
2017  181500  524500 2.378E-04  1.220  50.0   1000  25.0   11100 528   0  NH3           
2017  181500  554500 1.966E-02  1.220  50.0   1000  25.0   11100 528   0  NH3           
2017  181500  578500 1.585E-04  1.220  50.0   1000  25.0   11100 528   0  NH3           
2017  181500  591500 3.565E-03  1.220  50.0   1000  25.0   11100 528   0  NH3           
2017  182500  313500 2.378E-04  1.220  50.0   1000  25.0   11100 528   0  NH3           
2017  182500  319500 1.585E-04  1.220  50.0   1000  25.0   11100 528   0  NH3           
2017  182500  328500 3.962E-04  1.220  50.0   1000  25.0   11100 528   0  NH3           
2017  182500  332500 3.169E-03  1.220  50.0   1000  25.0   11100 528   0  NH3           
2017  182500  337500 1.585E-04  1.220  50.0   1000  25.0   11100 528   0  NH3           
2017  182500  360500 2.378E-04  1.220  50.0   1000  25.0   11100 528   0  NH3           
2017  182500  364500 1.585E-04  1.220  50.0   1000  25.0   11100 528   0  NH3           
2017  182500  365500 1.585E-04  1.220  50.0   1000  25.0   11100 528   0  NH3           
2017  182500  384500 3.169E-04  1.220  50.0   1000  25.0   11100 528   0  NH3           
2017  182500  385500 9.112E-03  1.220  50.0   1000  25.0   11100 528   0  NH3           
2017  182500  386500 5.548E-04  1.220  50.0   1000  25.0   11100 528   0  NH3           
2017  182500  410500 3.407E-03  1.220  50.0   1000  25.0   11100 528   0  NH3           
2017  182500  411500 6.341E-04  1.220  50.0   1000  25.0   11100 528   0  NH3           
2017  182500  426500 1.665E-03  1.220  50.0   1000  25.0   11100 528   0  NH3           
2017  182500  466500 5.548E-04  1.220  50.0   1000  25.0   11100 528   0  NH3           
2017  182500  475500 1.902E-03  1.220  50.0   1000  25.0   11100 528   0  NH3           
2017  182500  478500 1.743E-03  1.220  50.0   1000  25.0   11100 528   0  NH3           
2017  182500  487500 4.756E-04  1.220  50.0   1000  25.0   11100 528   0  NH3           
2017  182500  553500 1.268E-03  1.220  50.0   1000  25.0   11100 528   0  NH3           
2017  182500  565500 4.756E-03  1.220  50.0   1000  25.0   11100 528   0  NH3           
2017  182500  578500 2.615E-03  1.220  50.0   1000  25.0   11100 528   0  NH3           
2017  182500  579500 1.585E-04  1.220  50.0   1000  25.0   11100 528   0  NH3           
2017  182500  580500 5.548E-04  1.220  50.0   1000  25.0   11100 528   0  NH3           
2017  183500  327500 6.341E-04  1.220  50.0   1000  25.0   11100 528   0  NH3           
2017  183500  328500 1.110E-03  1.220  50.0   1000  25.0   11100 528   0  NH3           
2017  183500  359500 3.962E-04  1.220  50.0   1000  25.0   11100 528   0  NH3           
2017  183500  362500 1.585E-04  1.220  50.0   1000  25.0   11100 528   0  NH3           
2017  183500  384500 1.902E-03  1.220  50.0   1000  25.0   11100 528   0  NH3           
2017  183500  385500 1.585E-04  1.220  50.0   1000  25.0   11100 528   0  NH3           
2017  183500  386500 2.775E-03  1.220  50.0   1000  25.0   11100 528   0  NH3           
2017  183500  387500 9.511E-04  1.220  50.0   1000  25.0   11100 528   0  NH3           
2017  183500  422500 3.962E-04  1.220  50.0   1000  25.0   11100 528   0  NH3           
2017  183500  426500 7.133E-04  1.220  50.0   1000  25.0   11100 528   0  NH3           
2017  183500  428500 8.163E-03  1.220  50.0   1000  25.0   11100 528   0  NH3           
2017  183500  443500 7.926E-04  1.220  50.0   1000  25.0   11100 528   0  NH3           
2017  183500  488500 2.378E-04  1.220  50.0   1000  25.0   11100 528   0  NH3           
2017  183500  579500 8.717E-03  1.220  50.0   1000  25.0   11100 528   0  NH3           
2017  183500  580500 2.378E-04  1.220  50.0   1000  25.0   11100 528   0  NH3           
2017  184500  330500 3.169E-04  1.220  50.0   1000  25.0   11100 528   0  NH3           
2017  184500  332500 4.914E-03  1.220  50.0   1000  25.0   11100 528   0  NH3           
2017  184500  338500 4.437E-03  1.220  50.0   1000  25.0   11100 528   0  NH3           
2017  184500  339500 1.585E-04  1.220  50.0   1000  25.0   11100 528   0  NH3           
2017  184500  355500 6.341E-04  1.220  50.0   1000  25.0   11100 528   0  NH3           
2017  184500  369500 2.219E-03  1.220  50.0   1000  25.0   11100 528   0  NH3           
2017  184500  424500 3.169E-04  1.220  50.0   1000  25.0   11100 528   0  NH3           
2017  184500  426500 7.133E-04  1.220  50.0   1000  25.0   11100 528   0  NH3           
2017  184500  429500 4.756E-04  1.220  50.0   1000  25.0   11100 528   0  NH3           
2017  184500  440500 2.695E-03  1.220  50.0   1000  25.0   11100 528   0  NH3           
2017  184500  441500 1.507E-03  1.220  50.0   1000  25.0   11100 528   0  NH3           
2017  184500  488500 3.289E-02  1.220  50.0   1000  25.0   11100 528   0  NH3           
2017  184500  496500 3.329E-03  1.220  50.0   1000  25.0   11100 528   0  NH3           
2017  184500  553500 3.169E-04  1.220  50.0   1000  25.0   11100 528   0  NH3           
2017  184500  579500 3.565E-03  1.220  50.0   1000  25.0   11100 528   0  NH3           
2017  185500  308500 6.341E-04  1.220  50.0   1000  25.0   11100 528   0  NH3           
2017  185500  317500 2.378E-04  1.220  50.0   1000  25.0   11100 528   0  NH3           
2017  185500  320500 7.133E-04  1.220  50.0   1000  25.0   11100 528   0  NH3           
2017  185500  330500 3.169E-04  1.220  50.0   1000  25.0   11100 528   0  NH3           
2017  185500  331500 1.585E-04  1.220  50.0   1000  25.0   11100 528   0  NH3           
2017  185500  347500 5.944E-03  1.220  50.0   1000  25.0   11100 528   0  NH3           
2017  185500  380500 1.205E-02  1.220  50.0   1000  25.0   11100 528   0  NH3           
2017  185500  407500 2.219E-03  1.220  50.0   1000  25.0   11100 528   0  NH3           
2017  185500  424500 6.341E-04  1.220  50.0   1000  25.0   11100 528   0  NH3           
2017  185500  427500 3.169E-04  1.220  50.0   1000  25.0   11100 528   0  NH3           
2017  185500  428500 2.140E-03  1.220  50.0   1000  25.0   11100 528   0  NH3           
2017  185500  432500 1.268E-03  1.220  50.0   1000  25.0   11100 528   0  NH3           
2017  185500  437500 9.511E-04  1.220  50.0   1000  25.0   11100 528   0  NH3           
2017  185500  495500 2.457E-03  1.220  50.0   1000  25.0   11100 528   0  NH3           
2017  185500  496500 2.775E-03  1.220  50.0   1000  25.0   11100 528   0  NH3           
2017  185500  548500 1.189E-03  1.220  50.0   1000  25.0   11100 528   0  NH3           
2017  185500  562500 5.548E-04  1.220  50.0   1000  25.0   11100 528   0  NH3           
2017  185500  567500 1.981E-03  1.220  50.0   1000  25.0   11100 528   0  NH3           
2017  185500  573500 6.341E-04  1.220  50.0   1000  25.0   11100 528   0  NH3           
2017  185500  578500 3.250E-03  1.220  50.0   1000  25.0   11100 528   0  NH3           
2017  185500  579500 4.756E-04  1.220  50.0   1000  25.0   11100 528   0  NH3           
2017  186500  319500 4.518E-03  1.220  50.0   1000  25.0   11100 528   0  NH3           
2017  186500  328500 6.341E-04  1.220  50.0   1000  25.0   11100 528   0  NH3           
2017  186500  331500 2.615E-03  1.220  50.0   1000  25.0   11100 528   0  NH3           
2017  186500  354500 3.011E-03  1.220  50.0   1000  25.0   11100 528   0  NH3           
2017  186500  362500 3.169E-04  1.220  50.0   1000  25.0   11100 528   0  NH3           
2017  186500  415500 1.585E-04  1.220  50.0   1000  25.0   11100 528   0  NH3           
2017  186500  421500 1.268E-03  1.220  50.0   1000  25.0   11100 528   0  NH3           
2017  186500  428500 1.585E-03  1.220  50.0   1000  25.0   11100 528   0  NH3           
2017  186500  436500 9.511E-04  1.220  50.0   1000  25.0   11100 528   0  NH3           
2017  186500  444500 3.169E-04  1.220  50.0   1000  25.0   11100 528   0  NH3           
2017  186500  496500 4.756E-04  1.220  50.0   1000  25.0   11100 528   0  NH3           
2017  186500  548500 1.585E-04  1.220  50.0   1000  25.0   11100 528   0  NH3           
2017  186500  549500 3.250E-03  1.220  50.0   1000  25.0   11100 528   0  NH3           
2017  186500  562500 1.585E-04  1.220  50.0   1000  25.0   11100 528   0  NH3           
2017  186500  579500 7.133E-04  1.220  50.0   1000  25.0   11100 528   0  NH3           
2017  186500  595500 5.548E-04  1.220  50.0   1000  25.0   11100 528   0  NH3           
2017  187500  307500 1.585E-04  1.220  50.0   1000  25.0   11100 528   0  NH3           
2017  187500  335500 2.378E-04  1.220  50.0   1000  25.0   11100 528   0  NH3           
2017  187500  341500 1.585E-03  1.220  50.0   1000  25.0   11100 528   0  NH3           
2017  187500  397500 1.585E-04  1.220  50.0   1000  25.0   11100 528   0  NH3           
2017  187500  411500 1.585E-04  1.220  50.0   1000  25.0   11100 528   0  NH3           
2017  187500  412500 4.359E-03  1.220  50.0   1000  25.0   11100 528   0  NH3           
2017  187500  418500 2.775E-03  1.220  50.0   1000  25.0   11100 528   0  NH3           
2017  187500  421500 1.346E-03  1.220  50.0   1000  25.0   11100 528   0  NH3           
2017  187500  425500 4.756E-04  1.220  50.0   1000  25.0   11100 528   0  NH3           
2017  187500  427500 1.902E-03  1.220  50.0   1000  25.0   11100 528   0  NH3           
2017  187500  428500 3.726E-03  1.220  50.0   1000  25.0   11100 528   0  NH3           
2017  187500  430500 5.548E-04  1.220  50.0   1000  25.0   11100 528   0  NH3           
2017  187500  435500 1.189E-03  1.220  50.0   1000  25.0   11100 528   0  NH3           
2017  187500  509500 1.585E-04  1.220  50.0   1000  25.0   11100 528   0  NH3           
2017  188500  308500 1.585E-03  1.220  50.0   1000  25.0   11100 528   0  NH3           
2017  188500  334500 1.189E-03  1.220  50.0   1000  25.0   11100 528   0  NH3           
2017  188500  335500 1.110E-03  1.220  50.0   1000  25.0   11100 528   0  NH3           
2017  188500  336500 1.189E-03  1.220  50.0   1000  25.0   11100 528   0  NH3           
2017  188500  346500 4.756E-04  1.220  50.0   1000  25.0   11100 528   0  NH3           
2017  188500  402500 5.548E-04  1.220  50.0   1000  25.0   11100 528   0  NH3           
2017  188500  404500 3.169E-04  1.220  50.0   1000  25.0   11100 528   0  NH3           
2017  188500  414500 7.450E-03  1.220  50.0   1000  25.0   11100 528   0  NH3           
2017  188500  420500 1.585E-04  1.220  50.0   1000  25.0   11100 528   0  NH3           
2017  188500  425500 3.962E-04  1.220  50.0   1000  25.0   11100 528   0  NH3           
2017  188500  427500 7.133E-04  1.220  50.0   1000  25.0   11100 528   0  NH3           
2017  188500  428500 1.189E-03  1.220  50.0   1000  25.0   11100 528   0  NH3           
2017  188500  435500 1.585E-03  1.220  50.0   1000  25.0   11100 528   0  NH3           
2017  188500  447500 1.110E-03  1.220  50.0   1000  25.0   11100 528   0  NH3           
2017  188500  459500 7.926E-04  1.220  50.0   1000  25.0   11100 528   0  NH3           
2017  188500  492500 9.511E-04  1.220  50.0   1000  25.0   11100 528   0  NH3           
2017  188500  508500 1.585E-04  1.220  50.0   1000  25.0   11100 528   0  NH3           
2017  188500  552500 1.585E-04  1.220  50.0   1000  25.0   11100 528   0  NH3           
2017  189500  326500 1.570E-02  1.220  50.0   1000  25.0   11100 528   0  NH3           
2017  189500  327500 1.189E-03  1.220  50.0   1000  25.0   11100 528   0  NH3           
2017  189500  334500 2.378E-03  1.220  50.0   1000  25.0   11100 528   0  NH3           
2017  189500  336500 1.308E-02  1.220  50.0   1000  25.0   11100 528   0  NH3           
2017  189500  345500 3.804E-03  1.220  50.0   1000  25.0   11100 528   0  NH3           
2017  189500  346500 1.585E-03  1.220  50.0   1000  25.0   11100 528   0  NH3           
2017  189500  347500 2.853E-03  1.220  50.0   1000  25.0   11100 528   0  NH3           
2017  189500  352500 6.341E-04  1.220  50.0   1000  25.0   11100 528   0  NH3           
2017  189500  359500 7.926E-04  1.220  50.0   1000  25.0   11100 528   0  NH3           
2017  189500  372500 1.426E-03  1.220  50.0   1000  25.0   11100 528   0  NH3           
2017  189500  373500 4.756E-04  1.220  50.0   1000  25.0   11100 528   0  NH3           
2017  189500  401500 3.962E-04  1.220  50.0   1000  25.0   11100 528   0  NH3           
2017  189500  404500 1.268E-03  1.220  50.0   1000  25.0   11100 528   0  NH3           
2017  189500  415500 1.189E-03  1.220  50.0   1000  25.0   11100 528   0  NH3           
2017  189500  427500 3.169E-04  1.220  50.0   1000  25.0   11100 528   0  NH3           
2017  189500  444500 6.341E-04  1.220  50.0   1000  25.0   11100 528   0  NH3           
2017  189500  495500 8.717E-04  1.220  50.0   1000  25.0   11100 528   0  NH3           
2017  189500  497500 7.133E-04  1.220  50.0   1000  25.0   11100 528   0  NH3           
2017  189500  508500 4.756E-04  1.220  50.0   1000  25.0   11100 528   0  NH3           
2017  189500  524500 7.926E-04  1.220  50.0   1000  25.0   11100 528   0  NH3           
2017  189500  583500 8.717E-04  1.220  50.0   1000  25.0   11100 528   0  NH3           
2017  189500  585500 6.341E-04  1.220  50.0   1000  25.0   11100 528   0  NH3           
2017  189500  591500 1.585E-04  1.220  50.0   1000  25.0   11100 528   0  NH3           
2017  190500  313500 6.498E-03  1.220  50.0   1000  25.0   11100 528   0  NH3           
2017  190500  314500 3.329E-03  1.220  50.0   1000  25.0   11100 528   0  NH3           
2017  190500  315500 4.676E-03  1.220  50.0   1000  25.0   11100 528   0  NH3           
2017  190500  319500 1.585E-04  1.220  50.0   1000  25.0   11100 528   0  NH3           
2017  190500  327500 1.507E-03  1.220  50.0   1000  25.0   11100 528   0  NH3           
2017  190500  328500 1.189E-03  1.220  50.0   1000  25.0   11100 528   0  NH3           
2017  190500  350500 2.775E-03  1.220  50.0   1000  25.0   11100 528   0  NH3           
2017  190500  351500 1.507E-03  1.220  50.0   1000  25.0   11100 528   0  NH3           
2017  190500  354500 4.756E-04  1.220  50.0   1000  25.0   11100 528   0  NH3           
2017  190500  362500 1.189E-03  1.220  50.0   1000  25.0   11100 528   0  NH3           
2017  190500  368500 2.378E-04  1.220  50.0   1000  25.0   11100 528   0  NH3           
2017  190500  381500 3.169E-04  1.220  50.0   1000  25.0   11100 528   0  NH3           
2017  190500  389500 2.775E-03  1.220  50.0   1000  25.0   11100 528   0  NH3           
2017  190500  433500 5.548E-04  1.220  50.0   1000  25.0   11100 528   0  NH3           
2017  190500  434500 1.585E-04  1.220  50.0   1000  25.0   11100 528   0  NH3           
2017  190500  438500 1.585E-04  1.220  50.0   1000  25.0   11100 528   0  NH3           
2017  190500  441500 3.169E-04  1.220  50.0   1000  25.0   11100 528   0  NH3           
2017  190500  442500 2.378E-04  1.220  50.0   1000  25.0   11100 528   0  NH3           
2017  190500  443500 1.665E-03  1.220  50.0   1000  25.0   11100 528   0  NH3           
2017  190500  507500 5.072E-03  1.220  50.0   1000  25.0   11100 528   0  NH3           
2017  190500  508500 9.511E-04  1.220  50.0   1000  25.0   11100 528   0  NH3           
2017  190500  552500 7.926E-04  1.220  50.0   1000  25.0   11100 528   0  NH3           
2017  191500  442500 1.268E-03  1.220  50.0   1000  25.0   11100 528   0  NH3           
2017  191500  443500 7.133E-04  1.220  50.0   1000  25.0   11100 528   0  NH3           
2017  191500  444500 1.189E-03  1.220  50.0   1000  25.0   11100 528   0  NH3           
2017  191500  507500 2.299E-03  1.220  50.0   1000  25.0   11100 528   0  NH3           
2017  191500  508500 1.268E-03  1.220  50.0   1000  25.0   11100 528   0  NH3           
2017  191500  510500 4.756E-04  1.220  50.0   1000  25.0   11100 528   0  NH3           
2017  191500  554500 2.299E-03  1.220  50.0   1000  25.0   11100 528   0  NH3           
2017  192500  309500 3.169E-04  1.220  50.0   1000  25.0   11100 528   0  NH3           
2017  192500  311500 6.341E-04  1.220  50.0   1000  25.0   11100 528   0  NH3           
2017  192500  313500 3.962E-04  1.220  50.0   1000  25.0   11100 528   0  NH3           
2017  192500  328500 1.426E-03  1.220  50.0   1000  25.0   11100 528   0  NH3           
2017  192500  363500 1.346E-03  1.220  50.0   1000  25.0   11100 528   0  NH3           
2017  192500  364500 2.457E-03  1.220  50.0   1000  25.0   11100 528   0  NH3           
2017  192500  371500 2.378E-04  1.220  50.0   1000  25.0   11100 528   0  NH3           
2017  192500  408500 2.219E-03  1.220  50.0   1000  25.0   11100 528   0  NH3           
2017  192500  420500 4.756E-04  1.220  50.0   1000  25.0   11100 528   0  NH3           
2017  192500  421500 1.507E-03  1.220  50.0   1000  25.0   11100 528   0  NH3           
2017  192500  426500 5.548E-04  1.220  50.0   1000  25.0   11100 528   0  NH3           
2017  192500  439500 4.756E-04  1.220  50.0   1000  25.0   11100 528   0  NH3           
2017  192500  444500 7.926E-04  1.220  50.0   1000  25.0   11100 528   0  NH3           
2017  192500  467500 6.341E-04  1.220  50.0   1000  25.0   11100 528   0  NH3           
2017  192500  468500 6.341E-04  1.220  50.0   1000  25.0   11100 528   0  NH3           
2017  192500  470500 1.585E-03  1.220  50.0   1000  25.0   11100 528   0  NH3           
2017  192500  556500 3.962E-04  1.220  50.0   1000  25.0   11100 528   0  NH3           
2017  193500  321500 1.585E-04  1.220  50.0   1000  25.0   11100 528   0  NH3           
2017  193500  323500 7.926E-03  1.220  50.0   1000  25.0   11100 528   0  NH3           
2017  193500  326500 1.426E-03  1.220  50.0   1000  25.0   11100 528   0  NH3           
2017  193500  327500 2.615E-03  1.220  50.0   1000  25.0   11100 528   0  NH3           
2017  193500  351500 7.133E-04  1.220  50.0   1000  25.0   11100 528   0  NH3           
2017  193500  365500 2.775E-03  1.220  50.0   1000  25.0   11100 528   0  NH3           
2017  193500  372500 5.152E-03  1.220  50.0   1000  25.0   11100 528   0  NH3           
2017  193500  398500 5.548E-04  1.220  50.0   1000  25.0   11100 528   0  NH3           
2017  193500  406500 5.548E-04  1.220  50.0   1000  25.0   11100 528   0  NH3           
2017  193500  409500 3.169E-04  1.220  50.0   1000  25.0   11100 528   0  NH3           
2017  193500  419500 1.981E-03  1.220  50.0   1000  25.0   11100 528   0  NH3           
2017  193500  421500 3.169E-04  1.220  50.0   1000  25.0   11100 528   0  NH3           
2017  193500  438500 7.133E-04  1.220  50.0   1000  25.0   11100 528   0  NH3           
2017  193500  439500 4.756E-04  1.220  50.0   1000  25.0   11100 528   0  NH3           
2017  193500  442500 2.615E-03  1.220  50.0   1000  25.0   11100 528   0  NH3           
2017  193500  443500 7.133E-03  1.220  50.0   1000  25.0   11100 528   0  NH3           
2017  193500  444500 9.511E-04  1.220  50.0   1000  25.0   11100 528   0  NH3           
2017  193500  466500 4.756E-04  1.220  50.0   1000  25.0   11100 528   0  NH3           
2017  193500  469500 1.110E-03  1.220  50.0   1000  25.0   11100 528   0  NH3           
2017  193500  470500 1.665E-03  1.220  50.0   1000  25.0   11100 528   0  NH3           
2017  193500  474500 1.268E-03  1.220  50.0   1000  25.0   11100 528   0  NH3           
2017  193500  521500 1.665E-03  1.220  50.0   1000  25.0   11100 528   0  NH3           
2017  193500  526500 1.268E-03  1.220  50.0   1000  25.0   11100 528   0  NH3           
2017  193500  553500 7.133E-04  1.220  50.0   1000  25.0   11100 528   0  NH3           
2017  193500  575500 6.341E-03  1.220  50.0   1000  25.0   11100 528   0  NH3           
2017  194500  315500 5.548E-04  1.220  50.0   1000  25.0   11100 528   0  NH3           
2017  194500  318500 9.511E-04  1.220  50.0   1000  25.0   11100 528   0  NH3           
2017  194500  326500 1.585E-03  1.220  50.0   1000  25.0   11100 528   0  NH3           
2017  194500  327500 2.378E-04  1.220  50.0   1000  25.0   11100 528   0  NH3           
2017  194500  348500 1.030E-03  1.220  50.0   1000  25.0   11100 528   0  NH3           
2017  194500  355500 3.169E-04  1.220  50.0   1000  25.0   11100 528   0  NH3           
2017  194500  357500 4.756E-04  1.220  50.0   1000  25.0   11100 528   0  NH3           
2017  194500  358500 6.341E-04  1.220  50.0   1000  25.0   11100 528   0  NH3           
2017  194500  360500 2.378E-04  1.220  50.0   1000  25.0   11100 528   0  NH3           
2017  194500  387500 3.169E-04  1.220  50.0   1000  25.0   11100 528   0  NH3           
2017  194500  399500 4.756E-04  1.220  50.0   1000  25.0   11100 528   0  NH3           
2017  194500  407500 2.695E-02  1.220  50.0   1000  25.0   11100 528   0  NH3           
2017  194500  431500 7.926E-04  1.220  50.0   1000  25.0   11100 528   0  NH3           
2017  194500  436500 3.962E-04  1.220  50.0   1000  25.0   11100 528   0  NH3           
2017  194500  441500 4.756E-04  1.220  50.0   1000  25.0   11100 528   0  NH3           
2017  194500  443500 4.280E-03  1.220  50.0   1000  25.0   11100 528   0  NH3           
2017  194500  463500 3.962E-04  1.220  50.0   1000  25.0   11100 528   0  NH3           
2017  194500  467500 7.926E-04  1.220  50.0   1000  25.0   11100 528   0  NH3           
2017  194500  468500 7.926E-04  1.220  50.0   1000  25.0   11100 528   0  NH3           
2017  194500  470500 1.585E-04  1.220  50.0   1000  25.0   11100 528   0  NH3           
2017  194500  471500 7.529E-03  1.220  50.0   1000  25.0   11100 528   0  NH3           
2017  194500  472500 4.437E-03  1.220  50.0   1000  25.0   11100 528   0  NH3           
2017  194500  473500 4.756E-04  1.220  50.0   1000  25.0   11100 528   0  NH3           
2017  194500  477500 1.110E-03  1.220  50.0   1000  25.0   11100 528   0  NH3           
2017  194500  478500 4.756E-04  1.220  50.0   1000  25.0   11100 528   0  NH3           
2017  194500  480500 3.169E-04  1.220  50.0   1000  25.0   11100 528   0  NH3           
2017  194500  537500 3.962E-04  1.220  50.0   1000  25.0   11100 528   0  NH3           
2017  194500  575500 3.962E-04  1.220  50.0   1000  25.0   11100 528   0  NH3           
2017  194500  579500 3.565E-03  1.220  50.0   1000  25.0   11100 528   0  NH3           
2017  194500  593500 5.626E-03  1.220  50.0   1000  25.0   11100 528   0  NH3           
2017  195500  310500 3.962E-04  1.220  50.0   1000  25.0   11100 528   0  NH3           
2017  195500  320500 1.585E-04  1.220  50.0   1000  25.0   11100 528   0  NH3           
2017  195500  322500 5.548E-04  1.220  50.0   1000  25.0   11100 528   0  NH3           
2017  195500  327500 4.756E-04  1.220  50.0   1000  25.0   11100 528   0  NH3           
2017  195500  353500 2.378E-04  1.220  50.0   1000  25.0   11100 528   0  NH3           
2017  195500  370500 3.329E-03  1.220  50.0   1000  25.0   11100 528   0  NH3           
2017  195500  371500 4.359E-03  1.220  50.0   1000  25.0   11100 528   0  NH3           
2017  195500  388500 1.981E-03  1.220  50.0   1000  25.0   11100 528   0  NH3           
2017  195500  392500 3.962E-04  1.220  50.0   1000  25.0   11100 528   0  NH3           
2017  195500  393500 2.140E-03  1.220  50.0   1000  25.0   11100 528   0  NH3           
2017  195500  410500 1.189E-03  1.220  50.0   1000  25.0   11100 528   0  NH3           
2017  195500  412500 3.169E-04  1.220  50.0   1000  25.0   11100 528   0  NH3           
2017  195500  432500 2.140E-03  1.220  50.0   1000  25.0   11100 528   0  NH3           
2017  195500  441500 3.011E-03  1.220  50.0   1000  25.0   11100 528   0  NH3           
2017  195500  444500 1.110E-03  1.220  50.0   1000  25.0   11100 528   0  NH3           
2017  195500  445500 4.041E-03  1.220  50.0   1000  25.0   11100 528   0  NH3           
2017  195500  464500 3.962E-04  1.220  50.0   1000  25.0   11100 528   0  NH3           
2017  195500  468500 6.182E-03  1.220  50.0   1000  25.0   11100 528   0  NH3           
2017  195500  469500 1.189E-03  1.220  50.0   1000  25.0   11100 528   0  NH3           
2017  195500  471500 3.169E-04  1.220  50.0   1000  25.0   11100 528   0  NH3           
2017  195500  478500 7.133E-04  1.220  50.0   1000  25.0   11100 528   0  NH3           
2017  195500  484500 1.585E-03  1.220  50.0   1000  25.0   11100 528   0  NH3           
2017  195500  543500 3.169E-03  1.220  50.0   1000  25.0   11100 528   0  NH3           
2017  195500  571500 6.341E-04  1.220  50.0   1000  25.0   11100 528   0  NH3           
2017  195500  583500 2.378E-03  1.220  50.0   1000  25.0   11100 528   0  NH3           
2017  195500  589500 1.346E-03  1.220  50.0   1000  25.0   11100 528   0  NH3           
2017  195500  593500 2.378E-04  1.220  50.0   1000  25.0   11100 528   0  NH3           
2017  195500  594500 2.775E-03  1.220  50.0   1000  25.0   11100 528   0  NH3           
2017  196500  321500 1.030E-03  1.220  50.0   1000  25.0   11100 528   0  NH3           
2017  196500  322500 7.133E-04  1.220  50.0   1000  25.0   11100 528   0  NH3           
2017  196500  323500 2.378E-04  1.220  50.0   1000  25.0   11100 528   0  NH3           
2017  196500  328500 1.268E-03  1.220  50.0   1000  25.0   11100 528   0  NH3           
2017  196500  329500 4.756E-04  1.220  50.0   1000  25.0   11100 528   0  NH3           
2017  196500  330500 7.054E-03  1.220  50.0   1000  25.0   11100 528   0  NH3           
2017  196500  356500 3.011E-03  1.220  50.0   1000  25.0   11100 528   0  NH3           
2017  196500  360500 5.548E-04  1.220  50.0   1000  25.0   11100 528   0  NH3           
2017  196500  363500 3.565E-03  1.220  50.0   1000  25.0   11100 528   0  NH3           
2017  196500  371500 3.962E-04  1.220  50.0   1000  25.0   11100 528   0  NH3           
2017  196500  383500 1.426E-03  1.220  50.0   1000  25.0   11100 528   0  NH3           
2017  196500  390500 6.341E-04  1.220  50.0   1000  25.0   11100 528   0  NH3           
2017  196500  393500 3.962E-04  1.220  50.0   1000  25.0   11100 528   0  NH3           
2017  196500  394500 1.585E-04  1.220  50.0   1000  25.0   11100 528   0  NH3           
2017  196500  412500 1.902E-03  1.220  50.0   1000  25.0   11100 528   0  NH3           
2017  196500  441500 1.268E-03  1.220  50.0   1000  25.0   11100 528   0  NH3           
2017  196500  444500 3.487E-03  1.220  50.0   1000  25.0   11100 528   0  NH3           
2017  196500  463500 3.169E-04  1.220  50.0   1000  25.0   11100 528   0  NH3           
2017  196500  466500 2.378E-04  1.220  50.0   1000  25.0   11100 528   0  NH3           
2017  196500  473500 3.169E-04  1.220  50.0   1000  25.0   11100 528   0  NH3           
2017  196500  479500 2.615E-03  1.220  50.0   1000  25.0   11100 528   0  NH3           
2017  196500  484500 1.149E-02  1.220  50.0   1000  25.0   11100 528   0  NH3           
2017  196500  496500 4.922E-02  1.220  50.0   1000  25.0   11100 528   0  NH3           
2017  196500  497500 1.110E-03  1.220  50.0   1000  25.0   11100 528   0  NH3           
2017  196500  543500 2.536E-03  1.220  50.0   1000  25.0   11100 528   0  NH3           
2017  196500  587500 8.717E-04  1.220  50.0   1000  25.0   11100 528   0  NH3           
2017  196500  592500 1.585E-04  1.220  50.0   1000  25.0   11100 528   0  NH3           
2017  196500  593500 3.407E-03  1.220  50.0   1000  25.0   11100 528   0  NH3           
2017  197500  316500 1.189E-03  1.220  50.0   1000  25.0   11100 528   0  NH3           
2017  197500  355500 1.507E-03  1.220  50.0   1000  25.0   11100 528   0  NH3           
2017  197500  356500 8.717E-04  1.220  50.0   1000  25.0   11100 528   0  NH3           
2017  197500  358500 4.756E-04  1.220  50.0   1000  25.0   11100 528   0  NH3           
2017  197500  363500 1.181E-02  1.220  50.0   1000  25.0   11100 528   0  NH3           
2017  197500  370500 1.030E-03  1.220  50.0   1000  25.0   11100 528   0  NH3           
2017  197500  371500 4.201E-03  1.220  50.0   1000  25.0   11100 528   0  NH3           
2017  197500  372500 7.529E-03  1.220  50.0   1000  25.0   11100 528   0  NH3           
2017  197500  433500 3.169E-04  1.220  50.0   1000  25.0   11100 528   0  NH3           
2017  197500  439500 5.548E-04  1.220  50.0   1000  25.0   11100 528   0  NH3           
2017  197500  468500 6.387E-02  1.220  50.0   1000  25.0   11100 528   0  NH3           
2017  197500  469500 2.378E-04  1.220  50.0   1000  25.0   11100 528   0  NH3           
2017  197500  473500 9.511E-04  1.220  50.0   1000  25.0   11100 528   0  NH3           
2017  197500  498500 1.030E-03  1.220  50.0   1000  25.0   11100 528   0  NH3           
2017  197500  501500 5.548E-04  1.220  50.0   1000  25.0   11100 528   0  NH3           
2017  198500  310500 1.585E-04  1.220  50.0   1000  25.0   11100 528   0  NH3           
2017  198500  314500 7.133E-04  1.220  50.0   1000  25.0   11100 528   0  NH3           
2017  198500  318500 1.665E-03  1.220  50.0   1000  25.0   11100 528   0  NH3           
2017  198500  319500 7.926E-04  1.220  50.0   1000  25.0   11100 528   0  NH3           
2017  198500  320500 1.585E-04  1.220  50.0   1000  25.0   11100 528   0  NH3           
2017  198500  355500 2.378E-04  1.220  50.0   1000  25.0   11100 528   0  NH3           
2017  198500  356500 2.140E-03  1.220  50.0   1000  25.0   11100 528   0  NH3           
2017  198500  405500 1.030E-03  1.220  50.0   1000  25.0   11100 528   0  NH3           
2017  198500  440500 2.219E-03  1.220  50.0   1000  25.0   11100 528   0  NH3           
2017  198500  458500 1.585E-04  1.220  50.0   1000  25.0   11100 528   0  NH3           
2017  198500  584500 3.962E-04  1.220  50.0   1000  25.0   11100 528   0  NH3           
2017  198500  585500 3.329E-03  1.220  50.0   1000  25.0   11100 528   0  NH3           
2017  198500  586500 3.169E-04  1.220  50.0   1000  25.0   11100 528   0  NH3           
2017  199500  308500 4.756E-04  1.220  50.0   1000  25.0   11100 528   0  NH3           
2017  199500  309500 1.268E-03  1.220  50.0   1000  25.0   11100 528   0  NH3           
2017  199500  319500 7.133E-04  1.220  50.0   1000  25.0   11100 528   0  NH3           
2017  199500  322500 1.426E-03  1.220  50.0   1000  25.0   11100 528   0  NH3           
2017  199500  323500 5.548E-04  1.220  50.0   1000  25.0   11100 528   0  NH3           
2017  199500  379500 2.971E-02  1.220  50.0   1000  25.0   11100 528   0  NH3           
2017  199500  380500 1.585E-04  1.220  50.0   1000  25.0   11100 528   0  NH3           
2017  199500  392500 1.268E-02  1.220  50.0   1000  25.0   11100 528   0  NH3           
2017  199500  398500 6.816E-03  1.220  50.0   1000  25.0   11100 528   0  NH3           
2017  199500  414500 1.426E-03  1.220  50.0   1000  25.0   11100 528   0  NH3           
2017  199500  433500 2.378E-04  1.220  50.0   1000  25.0   11100 528   0  NH3           
2017  199500  446500 3.962E-04  1.220  50.0   1000  25.0   11100 528   0  NH3           
2017  199500  489500 1.268E-03  1.220  50.0   1000  25.0   11100 528   0  NH3           
2017  199500  490500 7.529E-03  1.220  50.0   1000  25.0   11100 528   0  NH3           
2017  199500  515500 3.962E-04  1.220  50.0   1000  25.0   11100 528   0  NH3           
2017  199500  558500 5.548E-04  1.220  50.0   1000  25.0   11100 528   0  NH3           
2017  199500  566500 6.341E-04  1.220  50.0   1000  25.0   11100 528   0  NH3           
2017  199500  568500 4.756E-04  1.220  50.0   1000  25.0   11100 528   0  NH3           
2017  200500  318500 1.585E-04  1.220  50.0   1000  25.0   11100 528   0  NH3           
2017  200500  320500 1.252E-02  1.220  50.0   1000  25.0   11100 528   0  NH3           
2017  200500  324500 5.548E-04  1.220  50.0   1000  25.0   11100 528   0  NH3           
2017  200500  325500 6.023E-03  1.220  50.0   1000  25.0   11100 528   0  NH3           
2017  200500  347500 3.962E-04  1.220  50.0   1000  25.0   11100 528   0  NH3           
2017  200500  353500 2.695E-03  1.220  50.0   1000  25.0   11100 528   0  NH3           
2017  200500  360500 3.565E-03  1.220  50.0   1000  25.0   11100 528   0  NH3           
2017  200500  361500 5.548E-04  1.220  50.0   1000  25.0   11100 528   0  NH3           
2017  200500  364500 4.756E-04  1.220  50.0   1000  25.0   11100 528   0  NH3           
2017  200500  365500 2.061E-03  1.220  50.0   1000  25.0   11100 528   0  NH3           
2017  200500  367500 1.902E-03  1.220  50.0   1000  25.0   11100 528   0  NH3           
2017  200500  380500 3.565E-03  1.220  50.0   1000  25.0   11100 528   0  NH3           
2017  200500  387500 1.507E-03  1.220  50.0   1000  25.0   11100 528   0  NH3           
2017  200500  391500 6.577E-03  1.220  50.0   1000  25.0   11100 528   0  NH3           
2017  200500  402500 1.585E-04  1.220  50.0   1000  25.0   11100 528   0  NH3           
2017  200500  430500 3.962E-04  1.220  50.0   1000  25.0   11100 528   0  NH3           
2017  200500  464500 2.378E-04  1.220  50.0   1000  25.0   11100 528   0  NH3           
2017  200500  503500 6.341E-04  1.220  50.0   1000  25.0   11100 528   0  NH3           
2017  200500  515500 7.926E-04  1.220  50.0   1000  25.0   11100 528   0  NH3           
2017  200500  535500 3.169E-04  1.220  50.0   1000  25.0   11100 528   0  NH3           
2017  200500  557500 4.756E-03  1.220  50.0   1000  25.0   11100 528   0  NH3           
2017  200500  569500 6.341E-04  1.220  50.0   1000  25.0   11100 528   0  NH3           
2017  200500  570500 4.834E-03  1.220  50.0   1000  25.0   11100 528   0  NH3           
2017  201500  320500 6.341E-04  1.220  50.0   1000  25.0   11100 528   0  NH3           
2017  201500  324500 7.926E-04  1.220  50.0   1000  25.0   11100 528   0  NH3           
2017  201500  352500 1.665E-03  1.220  50.0   1000  25.0   11100 528   0  NH3           
2017  201500  353500 1.070E-02  1.220  50.0   1000  25.0   11100 528   0  NH3           
2017  201500  355500 9.511E-04  1.220  50.0   1000  25.0   11100 528   0  NH3           
2017  201500  357500 1.585E-04  1.220  50.0   1000  25.0   11100 528   0  NH3           
2017  201500  383500 1.529E-02  1.220  50.0   1000  25.0   11100 528   0  NH3           
2017  201500  384500 1.665E-03  1.220  50.0   1000  25.0   11100 528   0  NH3           
2017  201500  385500 1.426E-03  1.220  50.0   1000  25.0   11100 528   0  NH3           
2017  201500  401500 4.756E-04  1.220  50.0   1000  25.0   11100 528   0  NH3           
2017  201500  430500 4.756E-04  1.220  50.0   1000  25.0   11100 528   0  NH3           
2017  201500  448500 7.133E-04  1.220  50.0   1000  25.0   11100 528   0  NH3           
2017  201500  457500 2.140E-03  1.220  50.0   1000  25.0   11100 528   0  NH3           
2017  201500  469500 3.169E-04  1.220  50.0   1000  25.0   11100 528   0  NH3           
2017  201500  495500 1.617E-02  1.220  50.0   1000  25.0   11100 528   0  NH3           
2017  201500  498500 1.989E-02  1.220  50.0   1000  25.0   11100 528   0  NH3           
2017  201500  503500 1.902E-03  1.220  50.0   1000  25.0   11100 528   0  NH3           
2017  201500  517500 4.676E-03  1.220  50.0   1000  25.0   11100 528   0  NH3           
2017  201500  569500 1.189E-03  1.220  50.0   1000  25.0   11100 528   0  NH3           
2017  201500  587500 2.378E-04  1.220  50.0   1000  25.0   11100 528   0  NH3           
2017  202500  322500 1.030E-03  1.220  50.0   1000  25.0   11100 528   0  NH3           
2017  202500  366500 7.133E-04  1.220  50.0   1000  25.0   11100 528   0  NH3           
2017  202500  384500 7.926E-04  1.220  50.0   1000  25.0   11100 528   0  NH3           
2017  202500  394500 6.341E-04  1.220  50.0   1000  25.0   11100 528   0  NH3           
2017  202500  437500 3.169E-04  1.220  50.0   1000  25.0   11100 528   0  NH3           
2017  202500  438500 2.140E-03  1.220  50.0   1000  25.0   11100 528   0  NH3           
2017  202500  456500 4.993E-03  1.220  50.0   1000  25.0   11100 528   0  NH3           
2017  202500  470500 4.122E-03  1.220  50.0   1000  25.0   11100 528   0  NH3           
2017  202500  472500 6.341E-04  1.220  50.0   1000  25.0   11100 528   0  NH3           
2017  202500  480500 2.378E-04  1.220  50.0   1000  25.0   11100 528   0  NH3           
2017  202500  501500 3.962E-04  1.220  50.0   1000  25.0   11100 528   0  NH3           
2017  202500  502500 2.378E-03  1.220  50.0   1000  25.0   11100 528   0  NH3           
2017  202500  504500 1.585E-04  1.220  50.0   1000  25.0   11100 528   0  NH3           
2017  202500  511500 2.615E-03  1.220  50.0   1000  25.0   11100 528   0  NH3           
2017  202500  532500 4.834E-03  1.220  50.0   1000  25.0   11100 528   0  NH3           
2017  202500  568500 7.133E-04  1.220  50.0   1000  25.0   11100 528   0  NH3           
2017  202500  569500 6.341E-04  1.220  50.0   1000  25.0   11100 528   0  NH3           
2017  202500  570500 5.548E-04  1.220  50.0   1000  25.0   11100 528   0  NH3           
2017  203500  318500 5.548E-04  1.220  50.0   1000  25.0   11100 528   0  NH3           
2017  203500  349500 3.169E-04  1.220  50.0   1000  25.0   11100 528   0  NH3           
2017  203500  366500 1.426E-03  1.220  50.0   1000  25.0   11100 528   0  NH3           
2017  203500  369500 4.756E-04  1.220  50.0   1000  25.0   11100 528   0  NH3           
2017  203500  385500 1.585E-04  1.220  50.0   1000  25.0   11100 528   0  NH3           
2017  203500  391500 5.548E-04  1.220  50.0   1000  25.0   11100 528   0  NH3           
2017  203500  394500 6.341E-04  1.220  50.0   1000  25.0   11100 528   0  NH3           
2017  203500  436500 6.341E-04  1.220  50.0   1000  25.0   11100 528   0  NH3           
2017  203500  438500 1.030E-03  1.220  50.0   1000  25.0   11100 528   0  NH3           
2017  203500  449500 6.341E-04  1.220  50.0   1000  25.0   11100 528   0  NH3           
2017  203500  451500 8.717E-04  1.220  50.0   1000  25.0   11100 528   0  NH3           
2017  203500  472500 1.665E-03  1.220  50.0   1000  25.0   11100 528   0  NH3           
2017  203500  477500 2.378E-04  1.220  50.0   1000  25.0   11100 528   0  NH3           
2017  203500  483500 2.378E-04  1.220  50.0   1000  25.0   11100 528   0  NH3           
2017  203500  500500 1.585E-04  1.220  50.0   1000  25.0   11100 528   0  NH3           
2017  203500  502500 9.511E-04  1.220  50.0   1000  25.0   11100 528   0  NH3           
2017  203500  503500 2.299E-03  1.220  50.0   1000  25.0   11100 528   0  NH3           
2017  203500  569500 1.426E-03  1.220  50.0   1000  25.0   11100 528   0  NH3           
2017  204500  366500 2.378E-04  1.220  50.0   1000  25.0   11100 528   0  NH3           
2017  204500  371500 8.717E-04  1.220  50.0   1000  25.0   11100 528   0  NH3           
2017  204500  381500 1.189E-03  1.220  50.0   1000  25.0   11100 528   0  NH3           
2017  204500  430500 1.346E-03  1.220  50.0   1000  25.0   11100 528   0  NH3           
2017  204500  438500 5.390E-03  1.220  50.0   1000  25.0   11100 528   0  NH3           
2017  204500  452500 6.420E-03  1.220  50.0   1000  25.0   11100 528   0  NH3           
2017  204500  472500 8.717E-04  1.220  50.0   1000  25.0   11100 528   0  NH3           
2017  204500  483500 3.011E-03  1.220  50.0   1000  25.0   11100 528   0  NH3           
2017  204500  499500 6.341E-04  1.220  50.0   1000  25.0   11100 528   0  NH3           
2017  204500  533500 1.110E-03  1.220  50.0   1000  25.0   11100 528   0  NH3           
2017  204500  557500 8.717E-04  1.220  50.0   1000  25.0   11100 528   0  NH3           
2017  204500  568500 3.487E-03  1.220  50.0   1000  25.0   11100 528   0  NH3           
2017  205500  369500 4.756E-04  1.220  50.0   1000  25.0   11100 528   0  NH3           
2017  205500  489500 5.548E-04  1.220  50.0   1000  25.0   11100 528   0  NH3           
2017  205500  500500 1.665E-03  1.220  50.0   1000  25.0   11100 528   0  NH3           
2017  205500  501500 3.250E-03  1.220  50.0   1000  25.0   11100 528   0  NH3           
2017  205500  534500 6.341E-04  1.220  50.0   1000  25.0   11100 528   0  NH3           
2017  205500  545500 7.133E-04  1.220  50.0   1000  25.0   11100 528   0  NH3           
2017  205500  585500 5.548E-04  1.220  50.0   1000  25.0   11100 528   0  NH3           
2017  205500  588500 1.426E-03  1.220  50.0   1000  25.0   11100 528   0  NH3           
2017  206500  369500 1.585E-04  1.220  50.0   1000  25.0   11100 528   0  NH3           
2017  206500  370500 1.331E-02  1.220  50.0   1000  25.0   11100 528   0  NH3           
2017  206500  383500 2.378E-03  1.220  50.0   1000  25.0   11100 528   0  NH3           
2017  206500  438500 3.011E-03  1.220  50.0   1000  25.0   11100 528   0  NH3           
2017  206500  439500 2.061E-03  1.220  50.0   1000  25.0   11100 528   0  NH3           
2017  206500  445500 1.585E-04  1.220  50.0   1000  25.0   11100 528   0  NH3           
2017  206500  447500 6.341E-04  1.220  50.0   1000  25.0   11100 528   0  NH3           
2017  206500  466500 3.169E-04  1.220  50.0   1000  25.0   11100 528   0  NH3           
2017  206500  470500 1.030E-03  1.220  50.0   1000  25.0   11100 528   0  NH3           
2017  206500  475500 4.756E-04  1.220  50.0   1000  25.0   11100 528   0  NH3           
2017  206500  500500 5.072E-03  1.220  50.0   1000  25.0   11100 528   0  NH3           
2017  206500  577500 1.110E-03  1.220  50.0   1000  25.0   11100 528   0  NH3           
2017  206500  588500 5.548E-04  1.220  50.0   1000  25.0   11100 528   0  NH3           
2017  206500  591500 1.585E-04  1.220  50.0   1000  25.0   11100 528   0  NH3           
2017  206500  610500 3.169E-04  1.220  50.0   1000  25.0   11100 528   0  NH3           
2017  207500  372500 1.902E-03  1.220  50.0   1000  25.0   11100 528   0  NH3           
2017  207500  374500 8.323E-03  1.220  50.0   1000  25.0   11100 528   0  NH3           
2017  207500  376500 3.169E-04  1.220  50.0   1000  25.0   11100 528   0  NH3           
2017  207500  378500 2.775E-03  1.220  50.0   1000  25.0   11100 528   0  NH3           
2017  207500  381500 5.548E-04  1.220  50.0   1000  25.0   11100 528   0  NH3           
2017  207500  382500 1.585E-04  1.220  50.0   1000  25.0   11100 528   0  NH3           
2017  207500  397500 2.457E-03  1.220  50.0   1000  25.0   11100 528   0  NH3           
2017  207500  455500 2.536E-03  1.220  50.0   1000  25.0   11100 528   0  NH3           
2017  207500  457500 1.346E-02  1.220  50.0   1000  25.0   11100 528   0  NH3           
2017  207500  474500 2.378E-03  1.220  50.0   1000  25.0   11100 528   0  NH3           
2017  207500  475500 1.585E-04  1.220  50.0   1000  25.0   11100 528   0  NH3           
2017  207500  523500 5.548E-04  1.220  50.0   1000  25.0   11100 528   0  NH3           
2017  207500  527500 6.341E-04  1.220  50.0   1000  25.0   11100 528   0  NH3           
2017  207500  569500 5.548E-04  1.220  50.0   1000  25.0   11100 528   0  NH3           
2017  207500  577500 1.030E-03  1.220  50.0   1000  25.0   11100 528   0  NH3           
2017  207500  580500 1.030E-03  1.220  50.0   1000  25.0   11100 528   0  NH3           
2017  208500  375500 1.743E-03  1.220  50.0   1000  25.0   11100 528   0  NH3           
2017  208500  385500 9.511E-04  1.220  50.0   1000  25.0   11100 528   0  NH3           
2017  208500  473500 4.518E-03  1.220  50.0   1000  25.0   11100 528   0  NH3           
2017  208500  474500 6.341E-04  1.220  50.0   1000  25.0   11100 528   0  NH3           
2017  208500  522500 3.962E-04  1.220  50.0   1000  25.0   11100 528   0  NH3           
2017  208500  523500 6.498E-03  1.220  50.0   1000  25.0   11100 528   0  NH3           
2017  208500  524500 7.133E-04  1.220  50.0   1000  25.0   11100 528   0  NH3           
2017  209500  375500 1.902E-03  1.220  50.0   1000  25.0   11100 528   0  NH3           
2017  209500  376500 6.341E-04  1.220  50.0   1000  25.0   11100 528   0  NH3           
2017  209500  380500 1.268E-03  1.220  50.0   1000  25.0   11100 528   0  NH3           
2017  209500  388500 7.926E-04  1.220  50.0   1000  25.0   11100 528   0  NH3           
2017  209500  448500 1.585E-03  1.220  50.0   1000  25.0   11100 528   0  NH3           
2017  209500  454500 3.169E-04  1.220  50.0   1000  25.0   11100 528   0  NH3           
2017  209500  473500 9.267E-03  1.220  50.0   1000  25.0   11100 528   0  NH3           
2017  209500  476500 3.962E-04  1.220  50.0   1000  25.0   11100 528   0  NH3           
2017  209500  517500 8.717E-04  1.220  50.0   1000  25.0   11100 528   0  NH3           
2017  209500  523500 3.091E-03  1.220  50.0   1000  25.0   11100 528   0  NH3           
2017  209500  525500 7.926E-04  1.220  50.0   1000  25.0   11100 528   0  NH3           
2017  209500  563500 8.717E-04  1.220  50.0   1000  25.0   11100 528   0  NH3           
2017  209500  602500 1.189E-03  1.220  50.0   1000  25.0   11100 528   0  NH3           
2017  210500  374500 1.110E-03  1.220  50.0   1000  25.0   11100 528   0  NH3           
2017  210500  375500 8.717E-04  1.220  50.0   1000  25.0   11100 528   0  NH3           
2017  210500  377500 2.140E-03  1.220  50.0   1000  25.0   11100 528   0  NH3           
2017  210500  384500 1.110E-02  1.220  50.0   1000  25.0   11100 528   0  NH3           
2017  210500  387500 1.743E-03  1.220  50.0   1000  25.0   11100 528   0  NH3           
2017  210500  448500 1.585E-04  1.220  50.0   1000  25.0   11100 528   0  NH3           
2017  210500  459500 4.756E-04  1.220  50.0   1000  25.0   11100 528   0  NH3           
2017  210500  461500 3.565E-03  1.220  50.0   1000  25.0   11100 528   0  NH3           
2017  210500  462500 3.169E-04  1.220  50.0   1000  25.0   11100 528   0  NH3           
2017  210500  468500 6.341E-04  1.220  50.0   1000  25.0   11100 528   0  NH3           
2017  210500  472500 5.318E-02  1.220  50.0   1000  25.0   11100 528   0  NH3           
2017  210500  473500 3.883E-03  1.220  50.0   1000  25.0   11100 528   0  NH3           
2017  210500  475500 1.110E-03  1.220  50.0   1000  25.0   11100 528   0  NH3           
2017  210500  482500 5.548E-04  1.220  50.0   1000  25.0   11100 528   0  NH3           
2017  210500  518500 5.548E-04  1.220  50.0   1000  25.0   11100 528   0  NH3           
2017  210500  564500 7.133E-04  1.220  50.0   1000  25.0   11100 528   0  NH3           
2017  210500  583500 1.902E-03  1.220  50.0   1000  25.0   11100 528   0  NH3           
2017  211500  441500 1.743E-03  1.220  50.0   1000  25.0   11100 528   0  NH3           
2017  211500  460500 7.133E-04  1.220  50.0   1000  25.0   11100 528   0  NH3           
2017  211500  463500 8.163E-03  1.220  50.0   1000  25.0   11100 528   0  NH3           
2017  211500  472500 2.378E-04  1.220  50.0   1000  25.0   11100 528   0  NH3           
2017  211500  474500 3.169E-04  1.220  50.0   1000  25.0   11100 528   0  NH3           
2017  211500  518500 1.426E-03  1.220  50.0   1000  25.0   11100 528   0  NH3           
2017  212500  440500 8.638E-03  1.220  50.0   1000  25.0   11100 528   0  NH3           
2017  212500  441500 3.169E-04  1.220  50.0   1000  25.0   11100 528   0  NH3           
2017  212500  449500 1.585E-04  1.220  50.0   1000  25.0   11100 528   0  NH3           
2017  212500  461500 2.061E-03  1.220  50.0   1000  25.0   11100 528   0  NH3           
2017  212500  464500 7.133E-04  1.220  50.0   1000  25.0   11100 528   0  NH3           
2017  212500  472500 1.268E-03  1.220  50.0   1000  25.0   11100 528   0  NH3           
2017  212500  475500 2.378E-04  1.220  50.0   1000  25.0   11100 528   0  NH3           
2017  212500  478500 1.585E-04  1.220  50.0   1000  25.0   11100 528   0  NH3           
2017  212500  494500 7.926E-04  1.220  50.0   1000  25.0   11100 528   0  NH3           
2017  212500  495500 1.585E-04  1.220  50.0   1000  25.0   11100 528   0  NH3           
2017  212500  525500 1.426E-03  1.220  50.0   1000  25.0   11100 528   0  NH3           
2017  212500  531500 3.962E-04  1.220  50.0   1000  25.0   11100 528   0  NH3           
2017  212500  577500 1.862E-02  1.220  50.0   1000  25.0   11100 528   0  NH3           
2017  213500  432500 6.341E-04  1.220  50.0   1000  25.0   11100 528   0  NH3           
2017  213500  439500 3.169E-04  1.220  50.0   1000  25.0   11100 528   0  NH3           
2017  213500  446500 3.962E-04  1.220  50.0   1000  25.0   11100 528   0  NH3           
2017  213500  526500 3.962E-04  1.220  50.0   1000  25.0   11100 528   0  NH3           
2017  213500  540500 1.585E-04  1.220  50.0   1000  25.0   11100 528   0  NH3           
2017  213500  556500 3.169E-04  1.220  50.0   1000  25.0   11100 528   0  NH3           
2017  213500  583500 3.962E-04  1.220  50.0   1000  25.0   11100 528   0  NH3           
2017  214500  432500 8.717E-04  1.220  50.0   1000  25.0   11100 528   0  NH3           
2017  214500  435500 4.756E-04  1.220  50.0   1000  25.0   11100 528   0  NH3           
2017  214500  441500 6.341E-04  1.220  50.0   1000  25.0   11100 528   0  NH3           
2017  214500  450500 1.585E-04  1.220  50.0   1000  25.0   11100 528   0  NH3           
2017  214500  456500 7.133E-04  1.220  50.0   1000  25.0   11100 528   0  NH3           
2017  214500  502500 1.189E-03  1.220  50.0   1000  25.0   11100 528   0  NH3           
2017  214500  527500 1.743E-03  1.220  50.0   1000  25.0   11100 528   0  NH3           
2017  214500  563500 2.061E-03  1.220  50.0   1000  25.0   11100 528   0  NH3           
2017  214500  581500 3.962E-04  1.220  50.0   1000  25.0   11100 528   0  NH3           
2017  215500  432500 2.378E-02  1.220  50.0   1000  25.0   11100 528   0  NH3           
2017  215500  442500 2.457E-03  1.220  50.0   1000  25.0   11100 528   0  NH3           
2017  215500  443500 1.443E-02  1.220  50.0   1000  25.0   11100 528   0  NH3           
2017  215500  487500 9.511E-03  1.220  50.0   1000  25.0   11100 528   0  NH3           
2017  215500  488500 1.110E-03  1.220  50.0   1000  25.0   11100 528   0  NH3           
2017  215500  489500 5.152E-03  1.220  50.0   1000  25.0   11100 528   0  NH3           
2017  215500  500500 1.585E-04  1.220  50.0   1000  25.0   11100 528   0  NH3           
2017  215500  512500 7.133E-04  1.220  50.0   1000  25.0   11100 528   0  NH3           
2017  215500  522500 2.378E-04  1.220  50.0   1000  25.0   11100 528   0  NH3           
2017  215500  556500 1.346E-03  1.220  50.0   1000  25.0   11100 528   0  NH3           
2017  215500  594500 1.189E-03  1.220  50.0   1000  25.0   11100 528   0  NH3           
2017  215500  595500 9.267E-03  1.220  50.0   1000  25.0   11100 528   0  NH3           
2017  216500  441500 4.914E-03  1.220  50.0   1000  25.0   11100 528   0  NH3           
2017  216500  442500 2.299E-03  1.220  50.0   1000  25.0   11100 528   0  NH3           
2017  216500  446500 2.061E-03  1.220  50.0   1000  25.0   11100 528   0  NH3           
2017  216500  454500 2.378E-04  1.220  50.0   1000  25.0   11100 528   0  NH3           
2017  216500  473500 3.646E-03  1.220  50.0   1000  25.0   11100 528   0  NH3           
2017  216500  483500 6.341E-04  1.220  50.0   1000  25.0   11100 528   0  NH3           
2017  216500  488500 2.299E-03  1.220  50.0   1000  25.0   11100 528   0  NH3           
2017  216500  490500 1.585E-04  1.220  50.0   1000  25.0   11100 528   0  NH3           
2017  216500  555500 2.988E-02  1.220  50.0   1000  25.0   11100 528   0  NH3           
2017  216500  556500 3.169E-03  1.220  50.0   1000  25.0   11100 528   0  NH3           
2017  216500  586500 5.548E-04  1.220  50.0   1000  25.0   11100 528   0  NH3           
2017  217500  440500 3.281E-02  1.220  50.0   1000  25.0   11100 528   0  NH3           
2017  217500  441500 7.133E-04  1.220  50.0   1000  25.0   11100 528   0  NH3           
2017  217500  442500 2.140E-03  1.220  50.0   1000  25.0   11100 528   0  NH3           
2017  217500  449500 7.926E-04  1.220  50.0   1000  25.0   11100 528   0  NH3           
2017  217500  457500 3.169E-04  1.220  50.0   1000  25.0   11100 528   0  NH3           
2017  217500  469500 3.169E-04  1.220  50.0   1000  25.0   11100 528   0  NH3           
2017  217500  541500 1.346E-03  1.220  50.0   1000  25.0   11100 528   0  NH3           
2017  217500  589500 7.926E-04  1.220  50.0   1000  25.0   11100 528   0  NH3           
2017  218500  430500 1.585E-04  1.220  50.0   1000  25.0   11100 528   0  NH3           
2017  218500  438500 1.902E-03  1.220  50.0   1000  25.0   11100 528   0  NH3           
2017  218500  444500 1.268E-03  1.220  50.0   1000  25.0   11100 528   0  NH3           
2017  218500  452500 2.378E-04  1.220  50.0   1000  25.0   11100 528   0  NH3           
2017  218500  457500 2.695E-03  1.220  50.0   1000  25.0   11100 528   0  NH3           
2017  218500  488500 3.962E-04  1.220  50.0   1000  25.0   11100 528   0  NH3           
2017  218500  516500 2.378E-04  1.220  50.0   1000  25.0   11100 528   0  NH3           
2017  218500  565500 1.308E-02  1.220  50.0   1000  25.0   11100 528   0  NH3           
2017  218500  581500 3.962E-04  1.220  50.0   1000  25.0   11100 528   0  NH3           
2017  219500  495500 5.548E-04  1.220  50.0   1000  25.0   11100 528   0  NH3           
2017  219500  571500 4.359E-03  1.220  50.0   1000  25.0   11100 528   0  NH3           
2017  219500  575500 2.378E-04  1.220  50.0   1000  25.0   11100 528   0  NH3           
2017  219500  591500 1.585E-04  1.220  50.0   1000  25.0   11100 528   0  NH3           
2017  220500  438500 4.756E-04  1.220  50.0   1000  25.0   11100 528   0  NH3           
2017  220500  446500 1.030E-03  1.220  50.0   1000  25.0   11100 528   0  NH3           
2017  220500  476500 3.329E-03  1.220  50.0   1000  25.0   11100 528   0  NH3           
2017  220500  481500 2.061E-03  1.220  50.0   1000  25.0   11100 528   0  NH3           
2017  220500  531500 7.926E-04  1.220  50.0   1000  25.0   11100 528   0  NH3           
2017  220500  541500 1.585E-04  1.220  50.0   1000  25.0   11100 528   0  NH3           
2017  220500  552500 1.110E-03  1.220  50.0   1000  25.0   11100 528   0  NH3           
2017  220500  574500 2.901E-02  1.220  50.0   1000  25.0   11100 528   0  NH3           
2017  220500  576500 4.756E-04  1.220  50.0   1000  25.0   11100 528   0  NH3           
2017  221500  430500 2.378E-04  1.220  50.0   1000  25.0   11100 528   0  NH3           
2017  221500  437500 7.133E-04  1.220  50.0   1000  25.0   11100 528   0  NH3           
2017  221500  446500 4.993E-03  1.220  50.0   1000  25.0   11100 528   0  NH3           
2017  221500  467500 1.189E-03  1.220  50.0   1000  25.0   11100 528   0  NH3           
2017  221500  474500 3.169E-04  1.220  50.0   1000  25.0   11100 528   0  NH3           
2017  221500  577500 8.717E-04  1.220  50.0   1000  25.0   11100 528   0  NH3           
2017  221500  597500 1.110E-03  1.220  50.0   1000  25.0   11100 528   0  NH3           
2017  222500  486500 1.585E-04  1.220  50.0   1000  25.0   11100 528   0  NH3           
2017  222500  546500 6.341E-04  1.220  50.0   1000  25.0   11100 528   0  NH3           
2017  222500  585500 3.169E-04  1.220  50.0   1000  25.0   11100 528   0  NH3           
2017  223500  431500 1.585E-04  1.220  50.0   1000  25.0   11100 528   0  NH3           
2017  223500  434500 1.507E-03  1.220  50.0   1000  25.0   11100 528   0  NH3           
2017  223500  435500 1.030E-03  1.220  50.0   1000  25.0   11100 528   0  NH3           
2017  223500  436500 7.926E-04  1.220  50.0   1000  25.0   11100 528   0  NH3           
2017  223500  476500 2.576E-02  1.220  50.0   1000  25.0   11100 528   0  NH3           
2017  223500  479500 4.756E-04  1.220  50.0   1000  25.0   11100 528   0  NH3           
2017  223500  513500 1.189E-03  1.220  50.0   1000  25.0   11100 528   0  NH3           
2017  224500  464500 6.681E-02  1.220  50.0   1000  25.0   11100 528   0  NH3           
2017  224500  477500 1.030E-03  1.220  50.0   1000  25.0   11100 528   0  NH3           
2017  224500  548500 1.585E-04  1.220  50.0   1000  25.0   11100 528   0  NH3           
2017  224500  549500 6.341E-04  1.220  50.0   1000  25.0   11100 528   0  NH3           
2017  225500  463500 7.133E-04  1.220  50.0   1000  25.0   11100 528   0  NH3           
2017  225500  464500 2.378E-04  1.220  50.0   1000  25.0   11100 528   0  NH3           
2017  225500  477500 5.548E-03  1.220  50.0   1000  25.0   11100 528   0  NH3           
2017  225500  504500 2.378E-03  1.220  50.0   1000  25.0   11100 528   0  NH3           
2017  225500  520500 1.665E-03  1.220  50.0   1000  25.0   11100 528   0  NH3           
2017  225500  523500 2.378E-04  1.220  50.0   1000  25.0   11100 528   0  NH3           
2017  225500  564500 1.585E-04  1.220  50.0   1000  25.0   11100 528   0  NH3           
2017  225500  574500 1.030E-03  1.220  50.0   1000  25.0   11100 528   0  NH3           
2017  225500  591500 3.962E-04  1.220  50.0   1000  25.0   11100 528   0  NH3           
2017  226500  445500 1.268E-03  1.220  50.0   1000  25.0   11100 528   0  NH3           
2017  226500  526500 1.030E-03  1.220  50.0   1000  25.0   11100 528   0  NH3           
2017  226500  551500 6.341E-04  1.220  50.0   1000  25.0   11100 528   0  NH3           
2017  226500  598500 7.133E-04  1.220  50.0   1000  25.0   11100 528   0  NH3           
2017  227500  460500 7.133E-04  1.220  50.0   1000  25.0   11100 528   0  NH3           
2017  227500  489500 1.086E-02  1.220  50.0   1000  25.0   11100 528   0  NH3           
2017  227500  513500 2.061E-03  1.220  50.0   1000  25.0   11100 528   0  NH3           
2017  228500  439500 1.585E-04  1.220  50.0   1000  25.0   11100 528   0  NH3           
2017  228500  440500 2.378E-04  1.220  50.0   1000  25.0   11100 528   0  NH3           
2017  228500  455500 2.378E-04  1.220  50.0   1000  25.0   11100 528   0  NH3           
2017  228500  485500 1.268E-03  1.220  50.0   1000  25.0   11100 528   0  NH3           
2017  228500  486500 7.133E-04  1.220  50.0   1000  25.0   11100 528   0  NH3           
2017  228500  491500 2.378E-04  1.220  50.0   1000  25.0   11100 528   0  NH3           
2017  228500  499500 1.585E-04  1.220  50.0   1000  25.0   11100 528   0  NH3           
2017  228500  526500 4.756E-03  1.220  50.0   1000  25.0   11100 528   0  NH3           
2017  228500  527500 1.110E-03  1.220  50.0   1000  25.0   11100 528   0  NH3           
2017  228500  563500 2.378E-04  1.220  50.0   1000  25.0   11100 528   0  NH3           
2017  228500  574500 2.457E-03  1.220  50.0   1000  25.0   11100 528   0  NH3           
2017  228950  581300 9.992E-01  0.000   2.0      0   0.0   11100 528   0  NH3           
2017  228950  581300 2.221E-01  0.000   2.0      0   0.0   11100 528   0  NH3           
2017  229000  581420 9.575E-02  2.069  20.0      0   0.0   11100 528   0  NH3           
2017  229000  581420 4.310E-01  2.069  20.0      0   0.0   11100 528   0  NH3           
2017  229500  430500 4.756E-04  1.220  50.0   1000  25.0   11100 528   0  NH3           
2017  229500  439500 3.169E-03  1.220  50.0   1000  25.0   11100 528   0  NH3           
2017  229500  440500 5.786E-03  1.220  50.0   1000  25.0   11100 528   0  NH3           
2017  229500  489500 3.962E-04  1.220  50.0   1000  25.0   11100 528   0  NH3           
2017  229500  513500 1.704E-02  1.220  50.0   1000  25.0   11100 528   0  NH3           
2017  229500  573500 7.926E-04  1.220  50.0   1000  25.0   11100 528   0  NH3           
2017  229500  581500 5.548E-04  1.220  50.0   1000  25.0   11100 528   0  NH3           
2017  229500  598500 7.926E-04  1.220  50.0   1000  25.0   11100 528   0  NH3           
2017  230500  430500 4.756E-04  1.220  50.0   1000  25.0   11100 528   0  NH3           
2017  230500  479500 7.926E-04  1.220  50.0   1000  25.0   11100 528   0  NH3           
2017  230500  487500 6.341E-04  1.220  50.0   1000  25.0   11100 528   0  NH3           
2017  230500  497500 2.457E-03  1.220  50.0   1000  25.0   11100 528   0  NH3           
2017  230500  498500 4.756E-04  1.220  50.0   1000  25.0   11100 528   0  NH3           
2017  230500  528500 1.585E-04  1.220  50.0   1000  25.0   11100 528   0  NH3           
2017  230500  529500 1.585E-04  1.220  50.0   1000  25.0   11100 528   0  NH3           
2017  230500  533500 2.378E-04  1.220  50.0   1000  25.0   11100 528   0  NH3           
2017  230500  594500 5.548E-04  1.220  50.0   1000  25.0   11100 528   0  NH3           
2017  230500  598500 2.378E-04  1.220  50.0   1000  25.0   11100 528   0  NH3           
2017  230500  601500 6.737E-03  1.220  50.0   1000  25.0   11100 528   0  NH3           
2017  231500  463500 2.378E-04  1.220  50.0   1000  25.0   11100 528   0  NH3           
2017  231500  482500 3.169E-04  1.220  50.0   1000  25.0   11100 528   0  NH3           
2017  231500  500500 3.169E-04  1.220  50.0   1000  25.0   11100 528   0  NH3           
2017  231500  525500 4.122E-03  1.220  50.0   1000  25.0   11100 528   0  NH3           
2017  231500  528500 6.895E-03  1.220  50.0   1000  25.0   11100 528   0  NH3           
2017  231500  532500 1.585E-04  1.220  50.0   1000  25.0   11100 528   0  NH3           
2017  231500  541500 8.717E-04  1.220  50.0   1000  25.0   11100 528   0  NH3           
2017  231500  581500 4.041E-03  1.220  50.0   1000  25.0   11100 528   0  NH3           
2017  232500  446500 2.536E-03  1.220  50.0   1000  25.0   11100 528   0  NH3           
2017  232500  459500 8.717E-04  1.220  50.0   1000  25.0   11100 528   0  NH3           
2017  232500  480500 2.061E-03  1.220  50.0   1000  25.0   11100 528   0  NH3           
2017  232500  481500 1.981E-03  1.220  50.0   1000  25.0   11100 528   0  NH3           
2017  232500  524500 9.511E-04  1.220  50.0   1000  25.0   11100 528   0  NH3           
2017  232500  526500 2.378E-04  1.220  50.0   1000  25.0   11100 528   0  NH3           
2017  232500  548500 5.548E-04  1.220  50.0   1000  25.0   11100 528   0  NH3           
2017  232500  563500 2.140E-03  1.220  50.0   1000  25.0   11100 528   0  NH3           
2017  232500  581500 1.507E-03  1.220  50.0   1000  25.0   11100 528   0  NH3           
2017  233500  460500 2.775E-03  1.220  50.0   1000  25.0   11100 528   0  NH3           
2017  233500  461500 1.585E-04  1.220  50.0   1000  25.0   11100 528   0  NH3           
2017  233500  556500 1.189E-03  1.220  50.0   1000  25.0   11100 528   0  NH3           
2017  233500  557500 6.341E-04  1.220  50.0   1000  25.0   11100 528   0  NH3           
2017  233500  573500 7.133E-04  1.220  50.0   1000  25.0   11100 528   0  NH3           
2017  233500  581500 2.551E-02  1.220  50.0   1000  25.0   11100 528   0  NH3           
2017  233500  583500 2.378E-04  1.220  50.0   1000  25.0   11100 528   0  NH3           
2017  233500  584500 2.061E-03  1.220  50.0   1000  25.0   11100 528   0  NH3           
2017  233500  601500 1.585E-04  1.220  50.0   1000  25.0   11100 528   0  NH3           
2017  234500  516500 4.756E-04  1.220  50.0   1000  25.0   11100 528   0  NH3           
2017  234500  558500 3.646E-03  1.220  50.0   1000  25.0   11100 528   0  NH3           
2017  234500  566500 8.717E-04  1.220  50.0   1000  25.0   11100 528   0  NH3           
2017  234500  579500 8.717E-04  1.220  50.0   1000  25.0   11100 528   0  NH3           
2017  234500  581500 2.457E-03  1.220  50.0   1000  25.0   11100 528   0  NH3           
2017  234500  582500 3.962E-04  1.220  50.0   1000  25.0   11100 528   0  NH3           
2017  234500  583500 1.822E-03  1.220  50.0   1000  25.0   11100 528   0  NH3           
2017  234500  585500 1.585E-04  1.220  50.0   1000  25.0   11100 528   0  NH3           
2017  235500  439500 1.585E-04  1.220  50.0   1000  25.0   11100 528   0  NH3           
2017  235500  444500 1.110E-03  1.220  50.0   1000  25.0   11100 528   0  NH3           
2017  235500  445500 1.346E-03  1.220  50.0   1000  25.0   11100 528   0  NH3           
2017  235500  460500 3.169E-04  1.220  50.0   1000  25.0   11100 528   0  NH3           
2017  235500  497500 7.926E-04  1.220  50.0   1000  25.0   11100 528   0  NH3           
2017  235500  556500 7.133E-04  1.220  50.0   1000  25.0   11100 528   0  NH3           
2017  235500  581500 4.756E-04  1.220  50.0   1000  25.0   11100 528   0  NH3           
2017  236500  436500 1.585E-04  1.220  50.0   1000  25.0   11100 528   0  NH3           
2017  236500  444500 1.585E-04  1.220  50.0   1000  25.0   11100 528   0  NH3           
2017  236500  445500 4.756E-04  1.220  50.0   1000  25.0   11100 528   0  NH3           
2017  236500  472500 1.426E-03  1.220  50.0   1000  25.0   11100 528   0  NH3           
2017  236500  473500 7.450E-03  1.220  50.0   1000  25.0   11100 528   0  NH3           
2017  236500  479500 1.585E-03  1.220  50.0   1000  25.0   11100 528   0  NH3           
2017  236500  486500 1.110E-03  1.220  50.0   1000  25.0   11100 528   0  NH3           
2017  236500  576500 1.110E-03  1.220  50.0   1000  25.0   11100 528   0  NH3           
2017  236500  577500 1.585E-04  1.220  50.0   1000  25.0   11100 528   0  NH3           
2017  236500  579500 3.407E-03  1.220  50.0   1000  25.0   11100 528   0  NH3           
2017  236500  580500 3.250E-03  1.220  50.0   1000  25.0   11100 528   0  NH3           
2017  236500  581500 2.378E-03  1.220  50.0   1000  25.0   11100 528   0  NH3           
2017  236500  583500 7.926E-04  1.220  50.0   1000  25.0   11100 528   0  NH3           
2017  236500  591500 1.665E-03  1.220  50.0   1000  25.0   11100 528   0  NH3           
2017  237500  437500 3.962E-04  1.220  50.0   1000  25.0   11100 528   0  NH3           
2017  237500  438500 4.756E-03  1.220  50.0   1000  25.0   11100 528   0  NH3           
2017  237500  445500 5.548E-04  1.220  50.0   1000  25.0   11100 528   0  NH3           
2017  237500  446500 1.189E-03  1.220  50.0   1000  25.0   11100 528   0  NH3           
2017  237500  473500 1.346E-02  1.220  50.0   1000  25.0   11100 528   0  NH3           
2017  237500  510500 7.926E-04  1.220  50.0   1000  25.0   11100 528   0  NH3           
2017  237500  541500 3.169E-04  1.220  50.0   1000  25.0   11100 528   0  NH3           
2017  237500  576500 1.110E-03  1.220  50.0   1000  25.0   11100 528   0  NH3           
2017  237500  584500 6.341E-04  1.220  50.0   1000  25.0   11100 528   0  NH3           
2017  238500  444500 6.341E-04  1.220  50.0   1000  25.0   11100 528   0  NH3           
2017  238500  451500 1.030E-03  1.220  50.0   1000  25.0   11100 528   0  NH3           
2017  238500  460500 1.117E-02  1.220  50.0   1000  25.0   11100 528   0  NH3           
2017  238500  461500 1.902E-03  1.220  50.0   1000  25.0   11100 528   0  NH3           
2017  238500  492500 5.548E-04  1.220  50.0   1000  25.0   11100 528   0  NH3           
2017  238500  497500 6.341E-04  1.220  50.0   1000  25.0   11100 528   0  NH3           
2017  238500  510500 7.926E-04  1.220  50.0   1000  25.0   11100 528   0  NH3           
2017  238500  595500 3.726E-03  1.220  50.0   1000  25.0   11100 528   0  NH3           
2017  239500  439500 3.962E-04  1.220  50.0   1000  25.0   11100 528   0  NH3           
2017  239500  444500 3.962E-04  1.220  50.0   1000  25.0   11100 528   0  NH3           
2017  239500  451500 2.378E-03  1.220  50.0   1000  25.0   11100 528   0  NH3           
2017  239500  452500 4.122E-02  1.220  50.0   1000  25.0   11100 528   0  NH3           
2017  239500  469500 1.585E-04  1.220  50.0   1000  25.0   11100 528   0  NH3           
2017  239500  508500 1.030E-03  1.220  50.0   1000  25.0   11100 528   0  NH3           
2017  239500  556500 2.299E-03  1.220  50.0   1000  25.0   11100 528   0  NH3           
2017  240500  458500 1.822E-03  1.220  50.0   1000  25.0   11100 528   0  NH3           
2017  240500  468500 1.346E-03  1.220  50.0   1000  25.0   11100 528   0  NH3           
2017  240500  469500 9.511E-04  1.220  50.0   1000  25.0   11100 528   0  NH3           
2017  240500  487500 2.227E-02  1.220  50.0   1000  25.0   11100 528   0  NH3           
2017  240500  488500 3.250E-03  1.220  50.0   1000  25.0   11100 528   0  NH3           
2017  240500  491500 7.133E-03  1.220  50.0   1000  25.0   11100 528   0  NH3           
2017  240500  492500 3.962E-04  1.220  50.0   1000  25.0   11100 528   0  NH3           
2017  240500  515500 6.341E-04  1.220  50.0   1000  25.0   11100 528   0  NH3           
2017  240500  537500 7.133E-04  1.220  50.0   1000  25.0   11100 528   0  NH3           
2017  240500  603500 4.756E-04  1.220  50.0   1000  25.0   11100 528   0  NH3           
2017  241500  457500 6.341E-04  1.220  50.0   1000  25.0   11100 528   0  NH3           
2017  241500  480500 2.378E-04  1.220  50.0   1000  25.0   11100 528   0  NH3           
2017  241500  483500 2.775E-03  1.220  50.0   1000  25.0   11100 528   0  NH3           
2017  241500  485500 1.665E-03  1.220  50.0   1000  25.0   11100 528   0  NH3           
2017  241500  486500 3.962E-04  1.220  50.0   1000  25.0   11100 528   0  NH3           
2017  242500  485500 1.110E-03  1.220  50.0   1000  25.0   11100 528   0  NH3           
2017  242500  486500 7.926E-04  1.220  50.0   1000  25.0   11100 528   0  NH3           
2017  242500  514500 1.585E-04  1.220  50.0   1000  25.0   11100 528   0  NH3           
2017  242500  568500 1.110E-03  1.220  50.0   1000  25.0   11100 528   0  NH3           
2017  242500  588500 3.962E-04  1.220  50.0   1000  25.0   11100 528   0  NH3           
2017  243500  487500 8.717E-04  1.220  50.0   1000  25.0   11100 528   0  NH3           
2017  244500  471500 2.378E-04  1.220  50.0   1000  25.0   11100 528   0  NH3           
2017  244500  530500 3.962E-04  1.220  50.0   1000  25.0   11100 528   0  NH3           
2017  244500  534500 3.962E-04  1.220  50.0   1000  25.0   11100 528   0  NH3           
2017  244500  576500 3.169E-03  1.220  50.0   1000  25.0   11100 528   0  NH3           
2017  244500  604500 3.169E-04  1.220  50.0   1000  25.0   11100 528   0  NH3           
2017  245500  440500 1.585E-04  1.220  50.0   1000  25.0   11100 528   0  NH3           
2017  245500  442500 1.585E-03  1.220  50.0   1000  25.0   11100 528   0  NH3           
2017  245500  448500 4.122E-03  1.220  50.0   1000  25.0   11100 528   0  NH3           
2017  245500  475500 2.219E-03  1.220  50.0   1000  25.0   11100 528   0  NH3           
2017  245500  493500 9.511E-04  1.220  50.0   1000  25.0   11100 528   0  NH3           
2017  245500  519500 5.944E-03  1.220  50.0   1000  25.0   11100 528   0  NH3           
2017  245500  575500 1.585E-04  1.220  50.0   1000  25.0   11100 528   0  NH3           
2017  245500  576500 3.329E-03  1.220  50.0   1000  25.0   11100 528   0  NH3           
2017  245500  594500 1.189E-03  1.220  50.0   1000  25.0   11100 528   0  NH3           
2017  246500  442500 9.511E-04  1.220  50.0   1000  25.0   11100 528   0  NH3           
2017  246500  443500 1.981E-03  1.220  50.0   1000  25.0   11100 528   0  NH3           
2017  246500  444500 9.511E-04  1.220  50.0   1000  25.0   11100 528   0  NH3           
2017  246500  463500 5.548E-04  1.220  50.0   1000  25.0   11100 528   0  NH3           
2017  246500  493500 1.585E-04  1.220  50.0   1000  25.0   11100 528   0  NH3           
2017  246500  518500 1.902E-02  1.220  50.0   1000  25.0   11100 528   0  NH3           
2017  246500  519500 3.169E-04  1.220  50.0   1000  25.0   11100 528   0  NH3           
2017  246500  520500 8.717E-04  1.220  50.0   1000  25.0   11100 528   0  NH3           
2017  246500  523500 1.585E-04  1.220  50.0   1000  25.0   11100 528   0  NH3           
2017  246500  575500 3.962E-04  1.220  50.0   1000  25.0   11100 528   0  NH3           
2017  246500  576500 1.346E-03  1.220  50.0   1000  25.0   11100 528   0  NH3           
2017  246500  596500 3.169E-04  1.220  50.0   1000  25.0   11100 528   0  NH3           
2017  247500  438500 1.585E-04  1.220  50.0   1000  25.0   11100 528   0  NH3           
2017  247500  463500 1.426E-03  1.220  50.0   1000  25.0   11100 528   0  NH3           
2017  247500  480500 3.169E-04  1.220  50.0   1000  25.0   11100 528   0  NH3           
2017  247500  524500 2.378E-04  1.220  50.0   1000  25.0   11100 528   0  NH3           
2017  247500  525500 1.507E-03  1.220  50.0   1000  25.0   11100 528   0  NH3           
2017  247500  527500 8.717E-04  1.220  50.0   1000  25.0   11100 528   0  NH3           
2017  247500  558500 4.756E-04  1.220  50.0   1000  25.0   11100 528   0  NH3           
2017  247500  571500 8.717E-04  1.220  50.0   1000  25.0   11100 528   0  NH3           
2017  248500  464500 4.756E-04  1.220  50.0   1000  25.0   11100 528   0  NH3           
2017  248500  479500 1.743E-03  1.220  50.0   1000  25.0   11100 528   0  NH3           
2017  248500  480500 3.169E-04  1.220  50.0   1000  25.0   11100 528   0  NH3           
2017  248500  488500 1.189E-03  1.220  50.0   1000  25.0   11100 528   0  NH3           
2017  248500  576500 6.341E-04  1.220  50.0   1000  25.0   11100 528   0  NH3           
2017  249500  465500 1.585E-04  1.220  50.0   1000  25.0   11100 528   0  NH3           
2017  249500  477500 1.426E-03  1.220  50.0   1000  25.0   11100 528   0  NH3           
2017  249500  480500 3.169E-04  1.220  50.0   1000  25.0   11100 528   0  NH3           
2017  249500  491500 1.110E-03  1.220  50.0   1000  25.0   11100 528   0  NH3           
2017  249500  549500 6.341E-04  1.220  50.0   1000  25.0   11100 528   0  NH3           
2017  249500  554500 4.756E-04  1.220  50.0   1000  25.0   11100 528   0  NH3           
2017  249500  584500 2.378E-04  1.220  50.0   1000  25.0   11100 528   0  NH3           
2017  250500  473500 3.962E-04  1.220  50.0   1000  25.0   11100 528   0  NH3           
2017  250500  474500 2.378E-04  1.220  50.0   1000  25.0   11100 528   0  NH3           
2017  250500  475500 7.926E-04  1.220  50.0   1000  25.0   11100 528   0  NH3           
2017  250500  476500 3.565E-03  1.220  50.0   1000  25.0   11100 528   0  NH3           
2017  250500  477500 4.756E-04  1.220  50.0   1000  25.0   11100 528   0  NH3           
2017  250500  532500 7.926E-04  1.220  50.0   1000  25.0   11100 528   0  NH3           
2017  250500  575500 3.883E-03  1.220  50.0   1000  25.0   11100 528   0  NH3           
2017  250500  576500 7.133E-03  1.220  50.0   1000  25.0   11100 528   0  NH3           
2017  250500  584500 3.169E-04  1.220  50.0   1000  25.0   11100 528   0  NH3           
2017  251500  472500 1.507E-03  1.220  50.0   1000  25.0   11100 528   0  NH3           
2017  251500  475500 2.378E-04  1.220  50.0   1000  25.0   11100 528   0  NH3           
2017  251500  476500 2.378E-04  1.220  50.0   1000  25.0   11100 528   0  NH3           
2017  251500  479500 3.962E-04  1.220  50.0   1000  25.0   11100 528   0  NH3           
2017  251500  483500 1.822E-03  1.220  50.0   1000  25.0   11100 528   0  NH3           
2017  251500  494500 1.585E-04  1.220  50.0   1000  25.0   11100 528   0  NH3           
2017  252500  469500 6.015E-02  1.220  50.0   1000  25.0   11100 528   0  NH3           
2017  252500  470500 1.585E-03  1.220  50.0   1000  25.0   11100 528   0  NH3           
2017  252500  474500 1.585E-04  1.220  50.0   1000  25.0   11100 528   0  NH3           
2017  252500  475500 1.507E-03  1.220  50.0   1000  25.0   11100 528   0  NH3           
2017  252500  479500 1.585E-04  1.220  50.0   1000  25.0   11100 528   0  NH3           
2017  252500  593500 1.585E-04  1.220  50.0   1000  25.0   11100 528   0  NH3           
2017  253500  462500 4.756E-04  1.220  50.0   1000  25.0   11100 528   0  NH3           
2017  253500  471500 3.962E-03  1.220  50.0   1000  25.0   11100 528   0  NH3           
2017  253500  490500 1.585E-04  1.220  50.0   1000  25.0   11100 528   0  NH3           
2017  253500  495500 1.585E-04  1.220  50.0   1000  25.0   11100 528   0  NH3           
2017  253500  526500 6.816E-03  1.220  50.0   1000  25.0   11100 528   0  NH3           
2017  253500  527500 2.378E-04  1.220  50.0   1000  25.0   11100 528   0  NH3           
2017  253500  565500 2.378E-04  1.220  50.0   1000  25.0   11100 528   0  NH3           
2017  253500  568500 8.717E-04  1.220  50.0   1000  25.0   11100 528   0  NH3           
2017  253500  600500 7.926E-04  1.220  50.0   1000  25.0   11100 528   0  NH3           
2017  254500  471500 4.795E-02  1.220  50.0   1000  25.0   11100 528   0  NH3           
2017  254500  472500 5.548E-04  1.220  50.0   1000  25.0   11100 528   0  NH3           
2017  254500  490500 3.962E-04  1.220  50.0   1000  25.0   11100 528   0  NH3           
2017  254500  522500 1.822E-03  1.220  50.0   1000  25.0   11100 528   0  NH3           
2017  254500  526500 3.962E-04  1.220  50.0   1000  25.0   11100 528   0  NH3           
2017  254500  568500 1.030E-03  1.220  50.0   1000  25.0   11100 528   0  NH3           
2017  254500  569500 3.962E-04  1.220  50.0   1000  25.0   11100 528   0  NH3           
2017  254500  570500 8.717E-04  1.220  50.0   1000  25.0   11100 528   0  NH3           
2017  254500  572500 6.341E-04  1.220  50.0   1000  25.0   11100 528   0  NH3           
2017  254500  576500 1.585E-04  1.220  50.0   1000  25.0   11100 528   0  NH3           
2017  255500  470500 3.169E-04  1.220  50.0   1000  25.0   11100 528   0  NH3           
2017  255500  524500 3.169E-04  1.220  50.0   1000  25.0   11100 528   0  NH3           
2017  255500  540500 5.548E-04  1.220  50.0   1000  25.0   11100 528   0  NH3           
2017  255500  567500 1.981E-03  1.220  50.0   1000  25.0   11100 528   0  NH3           
2017  256500  471500 2.775E-03  1.220  50.0   1000  25.0   11100 528   0  NH3           
2017  256500  472500 1.585E-04  1.220  50.0   1000  25.0   11100 528   0  NH3           
2017  256500  520500 1.665E-03  1.220  50.0   1000  25.0   11100 528   0  NH3           
2017  256500  531500 5.548E-04  1.220  50.0   1000  25.0   11100 528   0  NH3           
2017  256500  533500 9.511E-04  1.220  50.0   1000  25.0   11100 528   0  NH3           
2017  256500  534500 4.756E-04  1.220  50.0   1000  25.0   11100 528   0  NH3           
2017  256500  535500 2.378E-04  1.220  50.0   1000  25.0   11100 528   0  NH3           
2017  257500  468500 1.110E-03  1.220  50.0   1000  25.0   11100 528   0  NH3           
2017  257500  470500 2.061E-03  1.220  50.0   1000  25.0   11100 528   0  NH3           
2017  257500  492500 1.743E-03  1.220  50.0   1000  25.0   11100 528   0  NH3           
2017  257500  531500 6.341E-04  1.220  50.0   1000  25.0   11100 528   0  NH3           
2017  257500  533500 3.646E-03  1.220  50.0   1000  25.0   11100 528   0  NH3           
2017  257500  541500 1.585E-04  1.220  50.0   1000  25.0   11100 528   0  NH3           
2017  257500  594500 1.110E-03  1.220  50.0   1000  25.0   11100 528   0  NH3           
2017  258500  470500 1.030E-03  1.220  50.0   1000  25.0   11100 528   0  NH3           
2017  258500  471500 8.717E-04  1.220  50.0   1000  25.0   11100 528   0  NH3           
2017  258500  492500 2.061E-03  1.220  50.0   1000  25.0   11100 528   0  NH3           
2017  258500  523500 4.756E-04  1.220  50.0   1000  25.0   11100 528   0  NH3           
2017  258500  532500 3.565E-03  1.220  50.0   1000  25.0   11100 528   0  NH3           
2017  258500  533500 1.110E-03  1.220  50.0   1000  25.0   11100 528   0  NH3           
2017  258500  558500 1.189E-03  1.220  50.0   1000  25.0   11100 528   0  NH3           
2017  259500  471500 3.169E-04  1.220  50.0   1000  25.0   11100 528   0  NH3           
2017  259500  472500 1.507E-03  1.220  50.0   1000  25.0   11100 528   0  NH3           
2017  259500  474500 3.962E-04  1.220  50.0   1000  25.0   11100 528   0  NH3           
2017  259500  479500 1.078E-02  1.220  50.0   1000  25.0   11100 528   0  NH3           
2017  259500  480500 8.717E-03  1.220  50.0   1000  25.0   11100 528   0  NH3           
2017  259500  525500 1.585E-04  1.220  50.0   1000  25.0   11100 528   0  NH3           
2017  259500  563500 2.378E-04  1.220  50.0   1000  25.0   11100 528   0  NH3           
2017  259500  565500 1.585E-04  1.220  50.0   1000  25.0   11100 528   0  NH3           
2017  260500  479500 2.061E-03  1.220  50.0   1000  25.0   11100 528   0  NH3           
2017  260500  529500 7.926E-04  1.220  50.0   1000  25.0   11100 528   0  NH3           
2017  260500  540500 6.341E-04  1.220  50.0   1000  25.0   11100 528   0  NH3           
2017  260500  556500 7.133E-04  1.220  50.0   1000  25.0   11100 528   0  NH3           
