snr    x(m)    y(m)   q(g/s)   hc(MW)  h(m)   r(m)  s(m) dv  cat area  ps component     bronomschrijving
2017  171500  386500 3.167E-03  0.500   3.5   1000   1.8   05000 528   0  NOx           
2017  171500  450500 4.786E-02  0.500   3.5   1000   1.8   05000 528   0  NOx           
2017  171500  464500 3.207E-01  0.500   3.5   1000   1.8   05000 528   0  NOx           
2017  171500  518500 5.278E-03  0.500   3.5   1000   1.8   05000 528   0  NOx           
2017  172500  407500 3.167E-03  0.500   3.5   1000   1.8   05000 528   0  NOx           
2017  172500  485500 5.278E-03  0.500   3.5   1000   1.8   05000 528   0  NOx           
2017  173500  357500 3.675E-02  0.500   3.5   1000   1.8   05000 528   0  NOx           
2017  173500  407500 2.111E-03  0.500   3.5   1000   1.8   05000 528   0  NOx           
2017  173500  409500 1.802E-02  0.500   3.5   1000   1.8   05000 528   0  NOx           
2017  174500  386500 1.373E-02  0.500   3.5   1000   1.8   05000 528   0  NOx           
2017  174500  407500 3.167E-03  0.500   3.5   1000   1.8   05000 528   0  NOx           
2017  175500  320500 9.017E-02  0.500   3.5   1000   1.8   05000 528   0  NOx           
2017  175500  385500 1.161E-02  0.500   3.5   1000   1.8   05000 528   0  NOx           
2017  175500  479500 1.026E-01  0.500   3.5   1000   1.8   05000 528   0  NOx           
2017  176500  314500 2.111E-02  0.500   3.5   1000   1.8   05000 528   0  NOx           
2017  176500  319500 3.167E-03  0.500   3.5   1000   1.8   05000 528   0  NOx           
2017  176500  384500 4.223E-03  0.500   3.5   1000   1.8   05000 528   0  NOx           
2017  176500  397500 4.223E-03  0.500   3.5   1000   1.8   05000 528   0  NOx           
2017  176500  423500 2.111E-03  0.500   3.5   1000   1.8   05000 528   0  NOx           
2017  177500  373500 7.390E-03  0.500   3.5   1000   1.8   05000 528   0  NOx           
2017  177500  396500 7.390E-03  0.500   3.5   1000   1.8   05000 528   0  NOx           
2017  177500  397500 2.111E-02  0.500   3.5   1000   1.8   05000 528   0  NOx           
2017  177500  505500 2.323E-02  0.500   3.5   1000   1.8   05000 528   0  NOx           
2017  178500  314500 5.278E-03  0.500   3.5   1000   1.8   05000 528   0  NOx           
2017  178500  320500 8.340E-02  0.500   3.5   1000   1.8   05000 528   0  NOx           
2017  178500  321500 1.056E-01  0.500   3.5   1000   1.8   05000 528   0  NOx           
2017  178500  377500 6.334E-03  0.500   3.5   1000   1.8   05000 528   0  NOx           
2017  178500  386500 1.056E-02  0.500   3.5   1000   1.8   05000 528   0  NOx           
2017  178500  505500 2.111E-02  0.500   3.5   1000   1.8   05000 528   0  NOx           
2017  179500  390500 8.445E-03  0.500   3.5   1000   1.8   05000 528   0  NOx           
2017  179500  547500 7.390E-03  0.500   3.5   1000   1.8   05000 528   0  NOx           
2017  180500  368500 3.695E-02  0.500   3.5   1000   1.8   05000 528   0  NOx           
2017  180500  577500 1.373E-02  0.500   3.5   1000   1.8   05000 528   0  NOx           
2017  180500  579500 1.159E-02  0.500   3.5   1000   1.8   05000 528   0  NOx           
2017  181500  326500 2.111E-03  0.500   3.5   1000   1.8   05000 528   0  NOx           
2017  181500  332500 8.445E-03  0.500   3.5   1000   1.8   05000 528   0  NOx           
2017  181500  333500 8.445E-03  0.500   3.5   1000   1.8   05000 528   0  NOx           
2017  181500  527500 6.821E-02  0.500   3.5   1000   1.8   05000 528   0  NOx           
2017  182500  429500 9.619E-02  0.500   3.5   1000   1.8   05000 528   0  NOx           
2017  183050  428630 6.464E-03  0.995   5.0      0   0.0   05000 528   0  NOx           
2017  183050  428630 1.310E-01  0.049  15.0      0   0.0   05000 528   0  NOx           
2017  183050  428630 3.878E+00  4.000  80.0      0   0.0   05000 528   0  NOx           
2017  183500  319500 1.845E-02  0.500   3.5   1000   1.8   05000 528   0  NOx           
2017  183500  329500 5.805E-02  0.500   3.5   1000   1.8   05000 528   0  NOx           
2017  183500  384500 2.111E-02  0.500   3.5   1000   1.8   05000 528   0  NOx           
2017  183500  428500 6.160E-02  0.500   3.5   1000   1.8   05000 528   0  NOx           
2017  183500  552500 8.445E-03  0.500   3.5   1000   1.8   05000 528   0  NOx           
2017  184500  384500 6.894E-02  0.500   3.5   1000   1.8   05000 528   0  NOx           
2017  184500  428500 2.216E-02  0.500   3.5   1000   1.8   05000 528   0  NOx           
2017  185500  340500 3.061E-02  0.500   3.5   1000   1.8   05000 528   0  NOx           
2017  185500  407500 2.111E-03  0.500   3.5   1000   1.8   05000 528   0  NOx           
2017  185500  561500 5.278E-03  0.500   3.5   1000   1.8   05000 528   0  NOx           
2017  186500  343500 2.111E-03  0.500   3.5   1000   1.8   05000 528   0  NOx           
2017  186500  346500 1.899E-02  0.500   3.5   1000   1.8   05000 528   0  NOx           
2017  188500  326500 1.086E-01  0.500   3.5   1000   1.8   05000 528   0  NOx           
2017  188500  334500 6.334E-03  0.500   3.5   1000   1.8   05000 528   0  NOx           
2017  188500  337500 2.006E-02  0.500   3.5   1000   1.8   05000 528   0  NOx           
2017  188500  346500 2.006E-02  0.500   3.5   1000   1.8   05000 528   0  NOx           
2017  188500  414500 3.167E-03  0.500   3.5   1000   1.8   05000 528   0  NOx           
2017  188500  509500 4.117E-02  0.500   3.5   1000   1.8   05000 528   0  NOx           
2017  188500  554500 1.309E-01  0.500   3.5   1000   1.8   05000 528   0  NOx           
2017  189500  359500 6.334E-03  0.500   3.5   1000   1.8   05000 528   0  NOx           
2017  189500  391500 5.278E-03  0.500   3.5   1000   1.8   05000 528   0  NOx           
2017  189500  411500 8.289E-02  0.500   3.5   1000   1.8   05000 528   0  NOx           
2017  189500  554500 4.223E-03  0.500   3.5   1000   1.8   05000 528   0  NOx           
2017  190500  351500 3.167E-03  0.500   3.5   1000   1.8   05000 528   0  NOx           
2017  190500  414500 2.111E-03  0.500   3.5   1000   1.8   05000 528   0  NOx           
2017  191500  414500 2.288E-02  0.500   3.5   1000   1.8   05000 528   0  NOx           
2017  192500  496500 4.223E-03  0.500   3.5   1000   1.8   05000 528   0  NOx           
2017  193500  350500 1.198E-01  0.500   3.5   1000   1.8   05000 528   0  NOx           
2017  193500  442500 4.223E-02  0.500   3.5   1000   1.8   05000 528   0  NOx           
2017  194500  438500 6.334E-03  0.500   3.5   1000   1.8   05000 528   0  NOx           
2017  195500  382500 5.792E-02  0.500   3.5   1000   1.8   05000 528   0  NOx           
2017  195500  409500 5.278E-03  0.500   3.5   1000   1.8   05000 528   0  NOx           
2017  195500  442500 1.267E-02  0.500   3.5   1000   1.8   05000 528   0  NOx           
2017  196500  395500 1.583E-02  0.500   3.5   1000   1.8   05000 528   0  NOx           
2017  196500  466500 6.334E-03  0.500   3.5   1000   1.8   05000 528   0  NOx           
2017  197134  442636 1.274E+00  2.210  90.0      0   0.0   05000 528   0  NOx           
2017  197134  442636 1.209E+00  2.003  90.0      0   0.0   05000 528   0  NOx           
2017  197134  442636 1.634E+00  2.313  90.0      0   0.0   05000 528   0  NOx           
2017  197200  442790 8.218E-01  3.296  90.0      0   0.0   05000 528   0  NOx           
2017  197500  328500 3.167E-03  0.500   3.5   1000   1.8   05000 528   0  NOx           
2017  197500  329500 5.278E-03  0.500   3.5   1000   1.8   05000 528   0  NOx           
2017  197500  442500 6.600E-02  0.500   3.5   1000   1.8   05000 528   0  NOx           
2017  198500  329500 2.111E-03  0.500   3.5   1000   1.8   05000 528   0  NOx           
2017  198500  356500 4.223E-03  0.500   3.5   1000   1.8   05000 528   0  NOx           
2017  198500  389500 2.111E-03  0.500   3.5   1000   1.8   05000 528   0  NOx           
2017  199500  326500 2.310E-01  0.500   3.5   1000   1.8   05000 528   0  NOx           
2017  199500  496500 4.317E-03  0.500   3.5   1000   1.8   05000 528   0  NOx           
2017  199500  570500 1.042E-01  0.500   3.5   1000   1.8   05000 528   0  NOx           
2017  200500  318500 3.167E-03  0.500   3.5   1000   1.8   05000 528   0  NOx           
2017  200500  365500 1.161E-02  0.500   3.5   1000   1.8   05000 528   0  NOx           
2017  200500  438500 1.056E-02  0.500   3.5   1000   1.8   05000 528   0  NOx           
2017  201500  353500 2.745E-02  0.500   3.5   1000   1.8   05000 528   0  NOx           
2017  201500  361500 2.006E-02  0.500   3.5   1000   1.8   05000 528   0  NOx           
2017  201500  468500 3.066E-01  0.500   3.5   1000   1.8   05000 528   0  NOx           
2017  202500  468500 1.390E-01  0.500   3.5   1000   1.8   05000 528   0  NOx           
2017  202500  532500 2.111E-03  0.500   3.5   1000   1.8   05000 528   0  NOx           
