2017  112698  513765 4.314E-02  5.064  80.0      0   0.0   05000 528   0  NH3           
2017  114450  490500 2.081E-01  4.100 100.0      0   0.0   05000 528   0  NH3           
2017  114552  490378 4.837E-01  2.557 100.0      0   0.0   05000 528   0  NH3           
2017  129500  502500 2.501E-01  0.000  20.0   1000  10.0   05000 528   0  NH3           
2017  132500  401500 6.487E-02  0.000  20.0   1000  10.0   05000 528   0  NH3           
2017  133500  531500 8.986E-01  0.000  20.0   1000  10.0   05000 528   0  NH3           
2017  142500  374500 2.501E-01  0.000  20.0   1000  10.0   05000 528   0  NH3           
2017  157800  578200 6.662E-02  5.570  44.0      0   0.0   05000 528   0  NH3           
2017  158236  436521 7.061E-02  0.579  81.0      0   0.0   05000 528   0  NH3           
2017  161500  398500 2.594E-01  0.000  20.0   1000  10.0   05000 528   0  NH3           
2017  163500  507500 7.320E-01  0.000  20.0   1000  10.0   05000 528   0  NH3           
2017  165500  500500 6.116E-01  0.000  20.0   1000  10.0   05000 528   0  NH3           
2017  178500  321500 6.669E-01  0.000  20.0   1000  10.0   05000 528   0  NH3           
