2017  197500  442500 4.167E-01  0.000  20.0   1000  10.0   05000 528   0  NH3           
2017  199500  570500 6.577E-01  0.000  20.0   1000  10.0   05000 528   0  NH3           
2017  201500  468500 1.937E+00  0.000  20.0   1000  10.0   05000 528   0  NH3           
2017  204500  378500 7.320E-01  0.000  20.0   1000  10.0   05000 528   0  NH3           
2017  208500  504500 4.352E-01  0.000  20.0   1000  10.0   05000 528   0  NH3           
2017  210294  463909 2.289E-01  1.541  85.0      0   0.0   05000 528   0  NH3           
2017  230500  534500 1.065E+00  0.000  20.0   1000  10.0   05000 528   0  NH3           
2017  234500  600500 1.204E-01  0.000  20.0   1000  10.0   05000 528   0  NH3           
2017  238040  474100 6.464E-03  0.720  18.0      0   0.0   05000 528   0  NH3           
2017  250500  472500 1.103E+00  0.000  20.0   1000  10.0   05000 528   0  NH3           
2017  250935  607160 7.634E-02  1.822  44.0      0   0.0   05000 528   0  NH3           
2017  261500  568500 2.780E-01  0.000  20.0   1000  10.0   05000 528   0  NH3           
