snr    x(m)    y(m)   q(g/s)   hc(MW)  h(m)   r(m)  s(m) dv  cat area  ps component     bronomschrijving
2017   15500  370500 1.507E-03  1.220  50.0   1000  25.0   11100 528   0  NH3           
2017   15500  378500 2.378E-04  1.220  50.0   1000  25.0   11100 528   0  NH3           
2017   17500  376500 1.902E-03  1.220  50.0   1000  25.0   11100 528   0  NH3           
2017   17500  377500 3.169E-04  1.220  50.0   1000  25.0   11100 528   0  NH3           
2017   19500  364500 6.341E-04  1.220  50.0   1000  25.0   11100 528   0  NH3           
2017   19500  366500 1.585E-04  1.220  50.0   1000  25.0   11100 528   0  NH3           
2017   21500  377500 2.378E-04  1.220  50.0   1000  25.0   11100 528   0  NH3           
2017   22500  372500 4.756E-04  1.220  50.0   1000  25.0   11100 528   0  NH3           
2017   23500  372500 3.962E-04  1.220  50.0   1000  25.0   11100 528   0  NH3           
2017   24500  393500 4.676E-03  1.220  50.0   1000  25.0   11100 528   0  NH3           
2017   25500  394500 1.585E-04  1.220  50.0   1000  25.0   11100 528   0  NH3           
2017   26500  391500 2.378E-04  1.220  50.0   1000  25.0   11100 528   0  NH3           
2017   27500  375500 2.378E-04  1.220  50.0   1000  25.0   11100 528   0  NH3           
2017   27500  380500 4.756E-04  1.220  50.0   1000  25.0   11100 528   0  NH3           
2017   27500  387500 2.378E-04  1.220  50.0   1000  25.0   11100 528   0  NH3           
2017   27500  399500 6.341E-04  1.220  50.0   1000  25.0   11100 528   0  NH3           
2017   28500  379500 5.706E-03  1.220  50.0   1000  25.0   11100 528   0  NH3           
2017   28500  385500 6.341E-04  1.220  50.0   1000  25.0   11100 528   0  NH3           
2017   28500  386500 6.341E-04  1.220  50.0   1000  25.0   11100 528   0  NH3           
2017   28500  394500 4.756E-04  1.220  50.0   1000  25.0   11100 528   0  NH3           
2017   29500  388500 4.201E-03  1.220  50.0   1000  25.0   11100 528   0  NH3           
2017   30500  385500 3.804E-03  1.220  50.0   1000  25.0   11100 528   0  NH3           
2017   30500  387500 4.756E-04  1.220  50.0   1000  25.0   11100 528   0  NH3           
2017   30500  388500 3.962E-04  1.220  50.0   1000  25.0   11100 528   0  NH3           
2017   31500  391500 1.346E-03  1.220  50.0   1000  25.0   11100 528   0  NH3           
2017   32500  385500 2.378E-04  1.220  50.0   1000  25.0   11100 528   0  NH3           
2017   32500  390500 1.585E-03  1.220  50.0   1000  25.0   11100 528   0  NH3           
2017   33500  391500 2.933E-03  1.220  50.0   1000  25.0   11100 528   0  NH3           
2017   34500  377500 3.962E-04  1.220  50.0   1000  25.0   11100 528   0  NH3           
2017   35500  392500 2.378E-04  1.220  50.0   1000  25.0   11100 528   0  NH3           
2017   36500  372500 2.378E-04  1.220  50.0   1000  25.0   11100 528   0  NH3           
2017   38500  388500 7.133E-03  1.220  50.0   1000  25.0   11100 528   0  NH3           
2017   40500  412500 7.133E-04  1.220  50.0   1000  25.0   11100 528   0  NH3           
2017   41500  391500 1.704E-02  1.220  50.0   1000  25.0   11100 528   0  NH3           
2017   41500  400500 1.585E-04  1.220  50.0   1000  25.0   11100 528   0  NH3           
2017   41500  413500 2.378E-04  1.220  50.0   1000  25.0   11100 528   0  NH3           
2017   42500  370500 2.378E-04  1.220  50.0   1000  25.0   11100 528   0  NH3           
2017   42500  416500 2.061E-03  1.220  50.0   1000  25.0   11100 528   0  NH3           
2017   44500  360500 1.030E-03  1.220  50.0   1000  25.0   11100 528   0  NH3           
2017   44500  361500 4.756E-04  1.220  50.0   1000  25.0   11100 528   0  NH3           
2017   45500  388500 4.756E-04  1.220  50.0   1000  25.0   11100 528   0  NH3           
2017   45500  389500 1.585E-03  1.220  50.0   1000  25.0   11100 528   0  NH3           
2017   45500  397500 1.585E-04  1.220  50.0   1000  25.0   11100 528   0  NH3           
2017   45500  399500 1.426E-03  1.220  50.0   1000  25.0   11100 528   0  NH3           
2017   46500  366500 6.341E-04  1.220  50.0   1000  25.0   11100 528   0  NH3           
2017   46500  370500 7.926E-04  1.220  50.0   1000  25.0   11100 528   0  NH3           
2017   46500  372500 6.341E-04  1.220  50.0   1000  25.0   11100 528   0  NH3           
2017   46500  383500 9.511E-04  1.220  50.0   1000  25.0   11100 528   0  NH3           
2017   46500  394500 1.426E-03  1.220  50.0   1000  25.0   11100 528   0  NH3           
2017   47500  369500 4.756E-03  1.220  50.0   1000  25.0   11100 528   0  NH3           
2017   47500  372500 2.378E-04  1.220  50.0   1000  25.0   11100 528   0  NH3           
2017   48500  402500 2.378E-04  1.220  50.0   1000  25.0   11100 528   0  NH3           
2017   49500  383500 2.378E-04  1.220  50.0   1000  25.0   11100 528   0  NH3           
2017   50500  389500 2.378E-04  1.220  50.0   1000  25.0   11100 528   0  NH3           
2017   51500  365500 1.665E-03  1.220  50.0   1000  25.0   11100 528   0  NH3           
2017   51500  386500 9.511E-04  1.220  50.0   1000  25.0   11100 528   0  NH3           
2017   51500  390500 1.735E-02  1.220  50.0   1000  25.0   11100 528   0  NH3           
2017   51500  391500 3.329E-03  1.220  50.0   1000  25.0   11100 528   0  NH3           
2017   52500  370500 4.359E-03  1.220  50.0   1000  25.0   11100 528   0  NH3           
2017   52500  390500 1.507E-03  1.220  50.0   1000  25.0   11100 528   0  NH3           
2017   52500  408500 7.133E-04  1.220  50.0   1000  25.0   11100 528   0  NH3           
2017   53500  406500 9.511E-04  1.220  50.0   1000  25.0   11100 528   0  NH3           
2017   53500  407500 3.512E-02  1.220  50.0   1000  25.0   11100 528   0  NH3           
2017   53500  408500 1.585E-04  1.220  50.0   1000  25.0   11100 528   0  NH3           
2017   53500  416500 4.756E-04  1.220  50.0   1000  25.0   11100 528   0  NH3           
2017   54500  425500 7.926E-04  1.220  50.0   1000  25.0   11100 528   0  NH3           
2017   55500  425500 1.030E-03  1.220  50.0   1000  25.0   11100 528   0  NH3           
2017   56500  388500 1.268E-02  1.220  50.0   1000  25.0   11100 528   0  NH3           
2017   56500  413500 1.585E-04  1.220  50.0   1000  25.0   11100 528   0  NH3           
2017   57500  387500 1.110E-03  1.220  50.0   1000  25.0   11100 528   0  NH3           
2017   57500  426500 4.756E-04  1.220  50.0   1000  25.0   11100 528   0  NH3           
2017   58500  376500 6.341E-04  1.220  50.0   1000  25.0   11100 528   0  NH3           
2017   58500  407500 1.585E-04  1.220  50.0   1000  25.0   11100 528   0  NH3           
2017   59500  365500 8.717E-04  1.220  50.0   1000  25.0   11100 528   0  NH3           
2017   59500  375500 1.507E-03  1.220  50.0   1000  25.0   11100 528   0  NH3           
2017   59500  407500 8.717E-04  1.220  50.0   1000  25.0   11100 528   0  NH3           
2017   60500  385500 6.341E-04  1.220  50.0   1000  25.0   11100 528   0  NH3           
2017   60500  386500 4.803E-02  1.220  50.0   1000  25.0   11100 528   0  NH3           
2017   61500  364500 1.585E-04  1.220  50.0   1000  25.0   11100 528   0  NH3           
2017   61500  365500 1.189E-03  1.220  50.0   1000  25.0   11100 528   0  NH3           
2017   61500  366500 7.133E-04  1.220  50.0   1000  25.0   11100 528   0  NH3           
2017   61500  389500 2.061E-03  1.220  50.0   1000  25.0   11100 528   0  NH3           
2017   61500  390500 9.267E-03  1.220  50.0   1000  25.0   11100 528   0  NH3           
2017   61500  425500 1.507E-03  1.220  50.0   1000  25.0   11100 528   0  NH3           
2017   61500  426500 9.511E-04  1.220  50.0   1000  25.0   11100 528   0  NH3           
2017   62500  388500 1.585E-04  1.220  50.0   1000  25.0   11100 528   0  NH3           
2017   62500  389500 2.061E-03  1.220  50.0   1000  25.0   11100 528   0  NH3           
2017   62500  390500 1.585E-03  1.220  50.0   1000  25.0   11100 528   0  NH3           
2017   62500  391500 6.577E-03  1.220  50.0   1000  25.0   11100 528   0  NH3           
2017   64500  365500 2.219E-03  1.220  50.0   1000  25.0   11100 528   0  NH3           
2017   64500  396500 5.072E-03  1.220  50.0   1000  25.0   11100 528   0  NH3           
2017   64500  421500 6.974E-03  1.220  50.0   1000  25.0   11100 528   0  NH3           
2017   65500  371500 1.585E-04  1.220  50.0   1000  25.0   11100 528   0  NH3           
2017   65500  396500 8.717E-04  1.220  50.0   1000  25.0   11100 528   0  NH3           
2017   65500  401500 2.378E-04  1.220  50.0   1000  25.0   11100 528   0  NH3           
2017   65500  408500 4.756E-04  1.220  50.0   1000  25.0   11100 528   0  NH3           
2017   65500  409500 3.169E-04  1.220  50.0   1000  25.0   11100 528   0  NH3           
2017   65500  414500 1.585E-04  1.220  50.0   1000  25.0   11100 528   0  NH3           
2017   66500  382500 2.933E-03  1.220  50.0   1000  25.0   11100 528   0  NH3           
2017   66500  401500 4.756E-04  1.220  50.0   1000  25.0   11100 528   0  NH3           
2017   66500  402500 4.756E-04  1.220  50.0   1000  25.0   11100 528   0  NH3           
2017   66500  418500 7.926E-04  1.220  50.0   1000  25.0   11100 528   0  NH3           
2017   66500  436500 1.585E-04  1.220  50.0   1000  25.0   11100 528   0  NH3           
2017   67500  428500 6.341E-04  1.220  50.0   1000  25.0   11100 528   0  NH3           
2017   67500  436500 3.169E-04  1.220  50.0   1000  25.0   11100 528   0  NH3           
2017   68500  395500 1.585E-04  1.220  50.0   1000  25.0   11100 528   0  NH3           
2017   68500  443500 3.169E-04  1.220  50.0   1000  25.0   11100 528   0  NH3           
2017   69500  419500 6.341E-04  1.220  50.0   1000  25.0   11100 528   0  NH3           
2017   69500  427500 7.133E-04  1.220  50.0   1000  25.0   11100 528   0  NH3           
2017   70500  419500 1.665E-03  1.220  50.0   1000  25.0   11100 528   0  NH3           
2017   70500  434500 1.585E-04  1.220  50.0   1000  25.0   11100 528   0  NH3           
2017   70500  435500 5.548E-04  1.220  50.0   1000  25.0   11100 528   0  NH3           
2017   70500  446500 6.341E-04  1.220  50.0   1000  25.0   11100 528   0  NH3           
2017   71500  381500 3.169E-04  1.220  50.0   1000  25.0   11100 528   0  NH3           
2017   71500  446500 1.585E-04  1.220  50.0   1000  25.0   11100 528   0  NH3           
2017   71500  448500 4.756E-04  1.220  50.0   1000  25.0   11100 528   0  NH3           
2017   72500  419500 2.378E-04  1.220  50.0   1000  25.0   11100 528   0  NH3           
2017   72500  445500 1.585E-04  1.220  50.0   1000  25.0   11100 528   0  NH3           
2017   73500  412500 4.359E-03  1.220  50.0   1000  25.0   11100 528   0  NH3           
2017   73500  445500 2.219E-03  1.220  50.0   1000  25.0   11100 528   0  NH3           
2017   74500  394500 1.346E-03  1.220  50.0   1000  25.0   11100 528   0  NH3           
2017   74500  395500 7.926E-04  1.220  50.0   1000  25.0   11100 528   0  NH3           
2017   74500  396500 3.565E-03  1.220  50.0   1000  25.0   11100 528   0  NH3           
2017   74500  441500 2.457E-03  1.220  50.0   1000  25.0   11100 528   0  NH3           
2017   74500  443500 1.585E-04  1.220  50.0   1000  25.0   11100 528   0  NH3           
2017   74500  448500 1.110E-03  1.220  50.0   1000  25.0   11100 528   0  NH3           
2017   75500  439500 1.585E-04  1.220  50.0   1000  25.0   11100 528   0  NH3           
2017   75500  447500 1.110E-03  1.220  50.0   1000  25.0   11100 528   0  NH3           
2017   75500  451500 3.962E-04  1.220  50.0   1000  25.0   11100 528   0  NH3           
2017   75500  452500 5.548E-04  1.220  50.0   1000  25.0   11100 528   0  NH3           
2017   76500  435500 1.030E-03  1.220  50.0   1000  25.0   11100 528   0  NH3           
2017   76500  438500 6.341E-04  1.220  50.0   1000  25.0   11100 528   0  NH3           
2017   76500  443500 2.536E-03  1.220  50.0   1000  25.0   11100 528   0  NH3           
2017   76500  451500 3.962E-04  1.220  50.0   1000  25.0   11100 528   0  NH3           
2017   76500  453500 5.548E-04  1.220  50.0   1000  25.0   11100 528   0  NH3           
2017   77500  390500 1.300E-02  1.220  50.0   1000  25.0   11100 528   0  NH3           
2017   77500  394500 1.585E-04  1.220  50.0   1000  25.0   11100 528   0  NH3           
2017   77500  426500 3.169E-04  1.220  50.0   1000  25.0   11100 528   0  NH3           
2017   77500  430500 8.717E-04  1.220  50.0   1000  25.0   11100 528   0  NH3           
2017   77500  437500 1.743E-03  1.220  50.0   1000  25.0   11100 528   0  NH3           
2017   77500  448500 3.169E-04  1.220  50.0   1000  25.0   11100 528   0  NH3           
2017   77500  450500 1.585E-04  1.220  50.0   1000  25.0   11100 528   0  NH3           
2017   77500  451500 3.565E-03  1.220  50.0   1000  25.0   11100 528   0  NH3           
2017   77500  453500 4.756E-04  1.220  50.0   1000  25.0   11100 528   0  NH3           
2017   77500  454500 5.548E-04  1.220  50.0   1000  25.0   11100 528   0  NH3           
2017   77500  455500 3.169E-04  1.220  50.0   1000  25.0   11100 528   0  NH3           
2017   78500  389500 2.457E-03  1.220  50.0   1000  25.0   11100 528   0  NH3           
2017   78500  390500 1.110E-03  1.220  50.0   1000  25.0   11100 528   0  NH3           
2017   78500  439500 4.756E-04  1.220  50.0   1000  25.0   11100 528   0  NH3           
2017   78500  448500 1.030E-02  1.220  50.0   1000  25.0   11100 528   0  NH3           
2017   78500  449500 1.585E-04  1.220  50.0   1000  25.0   11100 528   0  NH3           
2017   78500  451500 3.962E-04  1.220  50.0   1000  25.0   11100 528   0  NH3           
2017   78500  454500 5.548E-04  1.220  50.0   1000  25.0   11100 528   0  NH3           
2017   78500  455500 3.962E-04  1.220  50.0   1000  25.0   11100 528   0  NH3           
2017   78500  456500 2.457E-03  1.220  50.0   1000  25.0   11100 528   0  NH3           
2017   78500  457500 3.407E-03  1.220  50.0   1000  25.0   11100 528   0  NH3           
2017   78500  458500 7.926E-04  1.220  50.0   1000  25.0   11100 528   0  NH3           
2017   79500  430500 1.149E-02  1.220  50.0   1000  25.0   11100 528   0  NH3           
2017   79500  433500 3.962E-04  1.220  50.0   1000  25.0   11100 528   0  NH3           
2017   79500  453500 1.902E-03  1.220  50.0   1000  25.0   11100 528   0  NH3           
2017   79500  454500 9.511E-04  1.220  50.0   1000  25.0   11100 528   0  NH3           
2017   79500  455500 4.756E-04  1.220  50.0   1000  25.0   11100 528   0  NH3           
2017   79500  458500 6.341E-04  1.220  50.0   1000  25.0   11100 528   0  NH3           
2017   80500  378500 1.585E-03  1.220  50.0   1000  25.0   11100 528   0  NH3           
2017   80500  382500 9.511E-04  1.220  50.0   1000  25.0   11100 528   0  NH3           
2017   80500  389500 1.268E-03  1.220  50.0   1000  25.0   11100 528   0  NH3           
2017   80500  390500 1.401E-01  1.220  50.0   1000  25.0   11100 528   0  NH3           
2017   80500  400500 1.030E-03  1.220  50.0   1000  25.0   11100 528   0  NH3           
2017   80500  448500 1.585E-04  1.220  50.0   1000  25.0   11100 528   0  NH3           
2017   80500  450500 3.169E-04  1.220  50.0   1000  25.0   11100 528   0  NH3           
2017   80500  452500 2.299E-03  1.220  50.0   1000  25.0   11100 528   0  NH3           
2017   80500  453500 4.834E-03  1.220  50.0   1000  25.0   11100 528   0  NH3           
2017   80500  454500 1.585E-04  1.220  50.0   1000  25.0   11100 528   0  NH3           
2017   80500  455500 2.378E-04  1.220  50.0   1000  25.0   11100 528   0  NH3           
2017   80500  456500 2.378E-04  1.220  50.0   1000  25.0   11100 528   0  NH3           
2017   81500  378500 3.169E-04  1.220  50.0   1000  25.0   11100 528   0  NH3           
2017   81500  399500 8.717E-04  1.220  50.0   1000  25.0   11100 528   0  NH3           
2017   81500  426500 1.585E-04  1.220  50.0   1000  25.0   11100 528   0  NH3           
2017   81500  427500 7.133E-04  1.220  50.0   1000  25.0   11100 528   0  NH3           
2017   81500  428500 2.378E-04  1.220  50.0   1000  25.0   11100 528   0  NH3           
2017   81500  430500 4.756E-04  1.220  50.0   1000  25.0   11100 528   0  NH3           
2017   81500  436500 2.775E-03  1.220  50.0   1000  25.0   11100 528   0  NH3           
2017   81500  443500 3.169E-04  1.220  50.0   1000  25.0   11100 528   0  NH3           
2017   81500  447500 1.110E-03  1.220  50.0   1000  25.0   11100 528   0  NH3           
2017   81500  449500 1.585E-04  1.220  50.0   1000  25.0   11100 528   0  NH3           
2017   81500  450500 4.756E-04  1.220  50.0   1000  25.0   11100 528   0  NH3           
2017   81500  452500 1.189E-03  1.220  50.0   1000  25.0   11100 528   0  NH3           
2017   81500  453500 3.962E-04  1.220  50.0   1000  25.0   11100 528   0  NH3           
2017   81500  454500 1.585E-03  1.220  50.0   1000  25.0   11100 528   0  NH3           
2017   81500  455500 1.110E-03  1.220  50.0   1000  25.0   11100 528   0  NH3           
2017   81500  456500 1.585E-04  1.220  50.0   1000  25.0   11100 528   0  NH3           
2017   82500  382500 1.189E-03  1.220  50.0   1000  25.0   11100 528   0  NH3           
2017   82500  425500 4.993E-03  1.220  50.0   1000  25.0   11100 528   0  NH3           
2017   82500  429500 6.341E-04  1.220  50.0   1000  25.0   11100 528   0  NH3           
2017   82500  435500 4.122E-03  1.220  50.0   1000  25.0   11100 528   0  NH3           
2017   82500  436500 1.110E-03  1.220  50.0   1000  25.0   11100 528   0  NH3           
2017   82500  446500 1.585E-04  1.220  50.0   1000  25.0   11100 528   0  NH3           
2017   82500  447500 5.548E-04  1.220  50.0   1000  25.0   11100 528   0  NH3           
2017   82500  449500 9.511E-03  1.220  50.0   1000  25.0   11100 528   0  NH3           
2017   82500  452500 2.695E-03  1.220  50.0   1000  25.0   11100 528   0  NH3           
2017   82500  453500 7.133E-04  1.220  50.0   1000  25.0   11100 528   0  NH3           
2017   82500  454500 3.169E-04  1.220  50.0   1000  25.0   11100 528   0  NH3           
2017   82500  455500 3.962E-04  1.220  50.0   1000  25.0   11100 528   0  NH3           
2017   82500  456500 1.426E-03  1.220  50.0   1000  25.0   11100 528   0  NH3           
2017   82500  457500 2.378E-04  1.220  50.0   1000  25.0   11100 528   0  NH3           
2017   83500  382500 2.140E-03  1.220  50.0   1000  25.0   11100 528   0  NH3           
2017   83500  410500 1.110E-03  1.220  50.0   1000  25.0   11100 528   0  NH3           
2017   83500  426500 1.585E-04  1.220  50.0   1000  25.0   11100 528   0  NH3           
2017   83500  427500 5.548E-04  1.220  50.0   1000  25.0   11100 528   0  NH3           
2017   83500  431500 1.585E-04  1.220  50.0   1000  25.0   11100 528   0  NH3           
2017   83500  435500 1.822E-03  1.220  50.0   1000  25.0   11100 528   0  NH3           
2017   83500  436500 1.268E-03  1.220  50.0   1000  25.0   11100 528   0  NH3           
2017   83500  438500 3.962E-04  1.220  50.0   1000  25.0   11100 528   0  NH3           
2017   83500  444500 4.756E-04  1.220  50.0   1000  25.0   11100 528   0  NH3           
2017   83500  447500 1.822E-03  1.220  50.0   1000  25.0   11100 528   0  NH3           
2017   83500  448500 1.426E-02  1.220  50.0   1000  25.0   11100 528   0  NH3           
2017   83500  451500 2.378E-04  1.220  50.0   1000  25.0   11100 528   0  NH3           
2017   83500  453500 2.457E-03  1.220  50.0   1000  25.0   11100 528   0  NH3           
2017   83500  454500 3.962E-04  1.220  50.0   1000  25.0   11100 528   0  NH3           
2017   83500  455500 1.346E-03  1.220  50.0   1000  25.0   11100 528   0  NH3           
2017   84500  405500 2.933E-03  1.220  50.0   1000  25.0   11100 528   0  NH3           
2017   84500  429500 1.346E-03  1.220  50.0   1000  25.0   11100 528   0  NH3           
2017   84500  430500 3.169E-04  1.220  50.0   1000  25.0   11100 528   0  NH3           
2017   84500  435500 1.902E-03  1.220  50.0   1000  25.0   11100 528   0  NH3           
2017   84500  438500 3.962E-04  1.220  50.0   1000  25.0   11100 528   0  NH3           
2017   84500  447500 1.189E-03  1.220  50.0   1000  25.0   11100 528   0  NH3           
2017   84500  453500 1.030E-03  1.220  50.0   1000  25.0   11100 528   0  NH3           
2017   84500  454500 3.962E-04  1.220  50.0   1000  25.0   11100 528   0  NH3           
2017   84500  455500 2.378E-04  1.220  50.0   1000  25.0   11100 528   0  NH3           
2017   85500  392500 3.169E-04  1.220  50.0   1000  25.0   11100 528   0  NH3           
2017   85500  408500 3.169E-04  1.220  50.0   1000  25.0   11100 528   0  NH3           
2017   85500  438500 6.341E-04  1.220  50.0   1000  25.0   11100 528   0  NH3           
2017   85500  444500 6.341E-03  1.220  50.0   1000  25.0   11100 528   0  NH3           
2017   85500  450500 5.548E-04  1.220  50.0   1000  25.0   11100 528   0  NH3           
2017   85500  454500 7.133E-04  1.220  50.0   1000  25.0   11100 528   0  NH3           
2017   85500  455500 3.962E-04  1.220  50.0   1000  25.0   11100 528   0  NH3           
2017   86500  430500 2.378E-04  1.220  50.0   1000  25.0   11100 528   0  NH3           
2017   86500  437500 3.407E-03  1.220  50.0   1000  25.0   11100 528   0  NH3           
2017   86500  446500 4.756E-04  1.220  50.0   1000  25.0   11100 528   0  NH3           
2017   86500  451500 5.548E-04  1.220  50.0   1000  25.0   11100 528   0  NH3           
2017   86500  453500 1.443E-02  1.220  50.0   1000  25.0   11100 528   0  NH3           
2017   86500  461500 5.548E-04  1.220  50.0   1000  25.0   11100 528   0  NH3           
2017   87500  426500 2.219E-03  1.220  50.0   1000  25.0   11100 528   0  NH3           
2017   87500  435500 5.626E-03  1.220  50.0   1000  25.0   11100 528   0  NH3           
2017   87500  436500 7.133E-03  1.220  50.0   1000  25.0   11100 528   0  NH3           
2017   87500  437500 5.548E-04  1.220  50.0   1000  25.0   11100 528   0  NH3           
2017   87500  438500 1.665E-03  1.220  50.0   1000  25.0   11100 528   0  NH3           
2017   87500  453500 5.548E-04  1.220  50.0   1000  25.0   11100 528   0  NH3           
2017   87500  454500 2.378E-04  1.220  50.0   1000  25.0   11100 528   0  NH3           
2017   87500  455500 3.883E-03  1.220  50.0   1000  25.0   11100 528   0  NH3           
2017   87500  456500 5.548E-04  1.220  50.0   1000  25.0   11100 528   0  NH3           
2017   87500  462500 1.902E-03  1.220  50.0   1000  25.0   11100 528   0  NH3           
2017   87500  468500 2.219E-03  1.220  50.0   1000  25.0   11100 528   0  NH3           
2017   88500  404500 1.110E-02  1.220  50.0   1000  25.0   11100 528   0  NH3           
2017   88500  425500 3.962E-03  1.220  50.0   1000  25.0   11100 528   0  NH3           
2017   88500  430500 5.548E-04  1.220  50.0   1000  25.0   11100 528   0  NH3           
2017   88500  434500 5.548E-04  1.220  50.0   1000  25.0   11100 528   0  NH3           
2017   88500  436500 3.169E-04  1.220  50.0   1000  25.0   11100 528   0  NH3           
2017   88500  437500 3.780E-02  1.220  50.0   1000  25.0   11100 528   0  NH3           
2017   88500  438500 2.378E-04  1.220  50.0   1000  25.0   11100 528   0  NH3           
2017   88500  439500 8.717E-04  1.220  50.0   1000  25.0   11100 528   0  NH3           
2017   88500  468500 3.169E-04  1.220  50.0   1000  25.0   11100 528   0  NH3           
2017   88500  469500 1.585E-04  1.220  50.0   1000  25.0   11100 528   0  NH3           
2017   88622  404176 1.448E+00 23.241  20.0      0   0.0   11100 528   0  NH3           
2017   88990  403690 8.074E-01  7.165  78.0      0   0.0   11100 528   0  NH3           
2017   89500  392500 7.926E-04  1.220  50.0   1000  25.0   11100 528   0  NH3           
2017   89500  393500 7.133E-04  1.220  50.0   1000  25.0   11100 528   0  NH3           
2017   89500  395500 1.822E-03  1.220  50.0   1000  25.0   11100 528   0  NH3           
2017   89500  415500 9.511E-04  1.220  50.0   1000  25.0   11100 528   0  NH3           
2017   89500  425500 6.341E-04  1.220  50.0   1000  25.0   11100 528   0  NH3           
2017   89500  435500 6.341E-04  1.220  50.0   1000  25.0   11100 528   0  NH3           
2017   89500  436500 9.666E-03  1.220  50.0   1000  25.0   11100 528   0  NH3           
2017   89500  439500 4.756E-04  1.220  50.0   1000  25.0   11100 528   0  NH3           
2017   89500  448500 5.626E-03  1.220  50.0   1000  25.0   11100 528   0  NH3           
2017   89500  466500 3.169E-04  1.220  50.0   1000  25.0   11100 528   0  NH3           
2017   89500  467500 1.268E-03  1.220  50.0   1000  25.0   11100 528   0  NH3           
2017   89500  468500 2.615E-03  1.220  50.0   1000  25.0   11100 528   0  NH3           
2017   89500  470500 8.717E-04  1.220  50.0   1000  25.0   11100 528   0  NH3           
2017   89500  473500 4.280E-03  1.220  50.0   1000  25.0   11100 528   0  NH3           
2017   90500  388500 1.585E-04  1.220  50.0   1000  25.0   11100 528   0  NH3           
2017   90500  392500 2.378E-04  1.220  50.0   1000  25.0   11100 528   0  NH3           
2017   90500  393500 4.756E-04  1.220  50.0   1000  25.0   11100 528   0  NH3           
2017   90500  394500 6.974E-03  1.220  50.0   1000  25.0   11100 528   0  NH3           
2017   90500  395500 3.962E-03  1.220  50.0   1000  25.0   11100 528   0  NH3           
2017   90500  396500 5.548E-03  1.220  50.0   1000  25.0   11100 528   0  NH3           
2017   90500  399500 1.268E-03  1.220  50.0   1000  25.0   11100 528   0  NH3           
2017   90500  400500 9.511E-04  1.220  50.0   1000  25.0   11100 528   0  NH3           
2017   90500  405500 3.962E-04  1.220  50.0   1000  25.0   11100 528   0  NH3           
2017   90500  418500 2.536E-03  1.220  50.0   1000  25.0   11100 528   0  NH3           
2017   90500  432500 1.585E-04  1.220  50.0   1000  25.0   11100 528   0  NH3           
2017   90500  434500 4.993E-03  1.220  50.0   1000  25.0   11100 528   0  NH3           
2017   90500  436500 1.346E-03  1.220  50.0   1000  25.0   11100 528   0  NH3           
2017   90500  449500 4.756E-04  1.220  50.0   1000  25.0   11100 528   0  NH3           
2017   90500  460500 2.378E-03  1.220  50.0   1000  25.0   11100 528   0  NH3           
2017   90500  465500 3.169E-04  1.220  50.0   1000  25.0   11100 528   0  NH3           
2017   90500  467500 7.133E-04  1.220  50.0   1000  25.0   11100 528   0  NH3           
2017   90500  469500 1.507E-02  1.220  50.0   1000  25.0   11100 528   0  NH3           
2017   90500  472500 1.110E-03  1.220  50.0   1000  25.0   11100 528   0  NH3           
2017   90500  473500 2.457E-03  1.220  50.0   1000  25.0   11100 528   0  NH3           
2017   91500  392500 1.585E-04  1.220  50.0   1000  25.0   11100 528   0  NH3           
2017   91500  394500 1.030E-03  1.220  50.0   1000  25.0   11100 528   0  NH3           
2017   91500  395500 9.348E-03  1.220  50.0   1000  25.0   11100 528   0  NH3           
2017   91500  398500 2.378E-04  1.220  50.0   1000  25.0   11100 528   0  NH3           
2017   91500  405500 5.548E-04  1.220  50.0   1000  25.0   11100 528   0  NH3           
2017   91500  422500 1.426E-03  1.220  50.0   1000  25.0   11100 528   0  NH3           
2017   91500  430500 3.962E-04  1.220  50.0   1000  25.0   11100 528   0  NH3           
2017   91500  432500 7.926E-04  1.220  50.0   1000  25.0   11100 528   0  NH3           
2017   91500  433500 5.548E-04  1.220  50.0   1000  25.0   11100 528   0  NH3           
2017   91500  434500 3.962E-04  1.220  50.0   1000  25.0   11100 528   0  NH3           
2017   91500  435500 8.717E-04  1.220  50.0   1000  25.0   11100 528   0  NH3           
2017   91500  436500 1.743E-03  1.220  50.0   1000  25.0   11100 528   0  NH3           
2017   91500  437500 2.615E-03  1.220  50.0   1000  25.0   11100 528   0  NH3           
2017   91500  438500 1.426E-03  1.220  50.0   1000  25.0   11100 528   0  NH3           
2017   91500  441500 4.756E-04  1.220  50.0   1000  25.0   11100 528   0  NH3           
2017   91500  463500 2.140E-03  1.220  50.0   1000  25.0   11100 528   0  NH3           
2017   92500  394500 2.378E-03  1.220  50.0   1000  25.0   11100 528   0  NH3           
2017   92500  395500 4.676E-03  1.220  50.0   1000  25.0   11100 528   0  NH3           
2017   92500  432500 1.585E-04  1.220  50.0   1000  25.0   11100 528   0  NH3           
2017   92500  433500 2.299E-03  1.220  50.0   1000  25.0   11100 528   0  NH3           
2017   92500  434500 7.133E-04  1.220  50.0   1000  25.0   11100 528   0  NH3           
2017   92500  435500 1.189E-02  1.220  50.0   1000  25.0   11100 528   0  NH3           
2017   92500  437500 2.695E-03  1.220  50.0   1000  25.0   11100 528   0  NH3           
2017   92500  438500 8.717E-04  1.220  50.0   1000  25.0   11100 528   0  NH3           
2017   92500  439500 2.378E-04  1.220  50.0   1000  25.0   11100 528   0  NH3           
2017   92500  440500 3.169E-04  1.220  50.0   1000  25.0   11100 528   0  NH3           
2017   92500  445500 4.993E-03  1.220  50.0   1000  25.0   11100 528   0  NH3           
2017   92500  449500 3.169E-04  1.220  50.0   1000  25.0   11100 528   0  NH3           
2017   92500  451500 2.775E-03  1.220  50.0   1000  25.0   11100 528   0  NH3           
2017   92500  452500 4.756E-04  1.220  50.0   1000  25.0   11100 528   0  NH3           
2017   92500  453500 3.169E-04  1.220  50.0   1000  25.0   11100 528   0  NH3           
2017   92500  461500 2.378E-04  1.220  50.0   1000  25.0   11100 528   0  NH3           
2017   92500  462500 9.511E-04  1.220  50.0   1000  25.0   11100 528   0  NH3           
2017   92500  463500 6.341E-04  1.220  50.0   1000  25.0   11100 528   0  NH3           
2017   92500  464500 2.378E-04  1.220  50.0   1000  25.0   11100 528   0  NH3           
2017   92500  465500 1.902E-03  1.220  50.0   1000  25.0   11100 528   0  NH3           
2017   93500  388500 1.585E-04  1.220  50.0   1000  25.0   11100 528   0  NH3           
2017   93500  394500 2.378E-03  1.220  50.0   1000  25.0   11100 528   0  NH3           
2017   93500  395500 4.359E-03  1.220  50.0   1000  25.0   11100 528   0  NH3           
2017   93500  428500 1.585E-04  1.220  50.0   1000  25.0   11100 528   0  NH3           
2017   93500  432500 2.378E-04  1.220  50.0   1000  25.0   11100 528   0  NH3           
2017   93500  434500 7.291E-03  1.220  50.0   1000  25.0   11100 528   0  NH3           
2017   93500  435500 7.133E-03  1.220  50.0   1000  25.0   11100 528   0  NH3           
2017   93500  437500 1.110E-03  1.220  50.0   1000  25.0   11100 528   0  NH3           
2017   93500  438500 1.030E-03  1.220  50.0   1000  25.0   11100 528   0  NH3           
2017   93500  441500 1.268E-03  1.220  50.0   1000  25.0   11100 528   0  NH3           
2017   93500  447500 1.585E-04  1.220  50.0   1000  25.0   11100 528   0  NH3           
2017   93500  460500 1.426E-03  1.220  50.0   1000  25.0   11100 528   0  NH3           
2017   93500  462500 1.346E-03  1.220  50.0   1000  25.0   11100 528   0  NH3           
2017   93500  463500 3.565E-03  1.220  50.0   1000  25.0   11100 528   0  NH3           
2017   93500  464500 5.548E-04  1.220  50.0   1000  25.0   11100 528   0  NH3           
2017   93500  467500 1.585E-04  1.220  50.0   1000  25.0   11100 528   0  NH3           
2017   93500  469500 1.023E-02  1.220  50.0   1000  25.0   11100 528   0  NH3           
2017   93500  470500 1.260E-02  1.220  50.0   1000  25.0   11100 528   0  NH3           
2017   93500  473500 1.110E-03  1.220  50.0   1000  25.0   11100 528   0  NH3           
2017   93500  475500 3.962E-04  1.220  50.0   1000  25.0   11100 528   0  NH3           
2017   93700  451400 1.453E-03  0.000   5.0      0   0.0   11100 528   0  NH3           
2017   94500  397500 6.341E-04  1.220  50.0   1000  25.0   11100 528   0  NH3           
2017   94500  434500 1.902E-03  1.220  50.0   1000  25.0   11100 528   0  NH3           
2017   94500  435500 9.511E-04  1.220  50.0   1000  25.0   11100 528   0  NH3           
2017   94500  436500 1.601E-02  1.220  50.0   1000  25.0   11100 528   0  NH3           
2017   94500  437500 1.110E-03  1.220  50.0   1000  25.0   11100 528   0  NH3           
2017   94500  438500 5.548E-04  1.220  50.0   1000  25.0   11100 528   0  NH3           
2017   94500  441500 7.133E-04  1.220  50.0   1000  25.0   11100 528   0  NH3           
2017   94500  443500 1.981E-03  1.220  50.0   1000  25.0   11100 528   0  NH3           
2017   94500  444500 3.169E-04  1.220  50.0   1000  25.0   11100 528   0  NH3           
2017   94500  449500 1.902E-03  1.220  50.0   1000  25.0   11100 528   0  NH3           
2017   94500  450500 2.140E-03  1.220  50.0   1000  25.0   11100 528   0  NH3           
2017   94500  451500 2.615E-03  1.220  50.0   1000  25.0   11100 528   0  NH3           
2017   94500  459500 6.341E-04  1.220  50.0   1000  25.0   11100 528   0  NH3           
2017   94500  463500 3.962E-04  1.220  50.0   1000  25.0   11100 528   0  NH3           
2017   94500  464500 1.030E-03  1.220  50.0   1000  25.0   11100 528   0  NH3           
2017   94500  465500 1.981E-03  1.220  50.0   1000  25.0   11100 528   0  NH3           
2017   94500  467500 3.169E-04  1.220  50.0   1000  25.0   11100 528   0  NH3           
2017   94500  470500 6.420E-03  1.220  50.0   1000  25.0   11100 528   0  NH3           
2017   94500  475500 7.133E-04  1.220  50.0   1000  25.0   11100 528   0  NH3           
2017   95500  400500 6.341E-04  1.220  50.0   1000  25.0   11100 528   0  NH3           
2017   95500  401500 8.717E-04  1.220  50.0   1000  25.0   11100 528   0  NH3           
2017   95500  408500 6.341E-04  1.220  50.0   1000  25.0   11100 528   0  NH3           
2017   95500  429500 1.585E-03  1.220  50.0   1000  25.0   11100 528   0  NH3           
2017   95500  432500 5.548E-04  1.220  50.0   1000  25.0   11100 528   0  NH3           
2017   95500  446500 4.041E-03  1.220  50.0   1000  25.0   11100 528   0  NH3           
2017   95500  451500 1.585E-03  1.220  50.0   1000  25.0   11100 528   0  NH3           
2017   95500  452500 1.244E-02  1.220  50.0   1000  25.0   11100 528   0  NH3           
2017   95500  453500 6.737E-03  1.220  50.0   1000  25.0   11100 528   0  NH3           
2017   95500  463500 2.457E-03  1.220  50.0   1000  25.0   11100 528   0  NH3           
2017   95500  464500 5.548E-04  1.220  50.0   1000  25.0   11100 528   0  NH3           
2017   96500  429500 4.756E-04  1.220  50.0   1000  25.0   11100 528   0  NH3           
2017   96500  430500 3.329E-03  1.220  50.0   1000  25.0   11100 528   0  NH3           
2017   96500  431500 5.152E-03  1.220  50.0   1000  25.0   11100 528   0  NH3           
2017   96500  434500 3.169E-04  1.220  50.0   1000  25.0   11100 528   0  NH3           
2017   96500  437500 2.615E-03  1.220  50.0   1000  25.0   11100 528   0  NH3           
2017   96500  438500 3.962E-04  1.220  50.0   1000  25.0   11100 528   0  NH3           
2017   96500  441500 3.804E-03  1.220  50.0   1000  25.0   11100 528   0  NH3           
2017   96500  447500 3.962E-03  1.220  50.0   1000  25.0   11100 528   0  NH3           
2017   96500  459500 3.962E-04  1.220  50.0   1000  25.0   11100 528   0  NH3           
2017   96500  461500 9.511E-04  1.220  50.0   1000  25.0   11100 528   0  NH3           
2017   96500  471500 1.665E-03  1.220  50.0   1000  25.0   11100 528   0  NH3           
2017   97500  400500 2.299E-03  1.220  50.0   1000  25.0   11100 528   0  NH3           
2017   97500  422500 1.585E-04  1.220  50.0   1000  25.0   11100 528   0  NH3           
2017   97500  430500 6.341E-04  1.220  50.0   1000  25.0   11100 528   0  NH3           
2017   97500  433500 1.268E-03  1.220  50.0   1000  25.0   11100 528   0  NH3           
2017   97500  434500 1.585E-04  1.220  50.0   1000  25.0   11100 528   0  NH3           
2017   97500  436500 1.585E-04  1.220  50.0   1000  25.0   11100 528   0  NH3           
2017   97500  438500 5.548E-04  1.220  50.0   1000  25.0   11100 528   0  NH3           
2017   97500  439500 3.962E-04  1.220  50.0   1000  25.0   11100 528   0  NH3           
2017   97500  440500 4.138E-02  1.220  50.0   1000  25.0   11100 528   0  NH3           
2017   97500  460500 8.717E-04  1.220  50.0   1000  25.0   11100 528   0  NH3           
2017   97500  461500 3.962E-04  1.220  50.0   1000  25.0   11100 528   0  NH3           
2017   97500  479500 1.030E-03  1.220  50.0   1000  25.0   11100 528   0  NH3           
2017   98500  393500 1.458E-02  1.220  50.0   1000  25.0   11100 528   0  NH3           
2017   98500  394500 6.341E-04  1.220  50.0   1000  25.0   11100 528   0  NH3           
2017   98500  424500 7.926E-04  1.220  50.0   1000  25.0   11100 528   0  NH3           
2017   98500  425500 1.902E-02  1.220  50.0   1000  25.0   11100 528   0  NH3           
2017   98500  427500 3.962E-04  1.220  50.0   1000  25.0   11100 528   0  NH3           
2017   98500  429500 1.981E-03  1.220  50.0   1000  25.0   11100 528   0  NH3           
2017   98500  434500 7.133E-04  1.220  50.0   1000  25.0   11100 528   0  NH3           
2017   98500  436500 2.695E-03  1.220  50.0   1000  25.0   11100 528   0  NH3           
2017   98500  440500 7.133E-04  1.220  50.0   1000  25.0   11100 528   0  NH3           
2017   98500  475500 1.346E-03  1.220  50.0   1000  25.0   11100 528   0  NH3           
2017   99500  394500 1.094E-02  1.220  50.0   1000  25.0   11100 528   0  NH3           
2017   99500  396500 2.457E-03  1.220  50.0   1000  25.0   11100 528   0  NH3           
2017   99500  399500 1.030E-03  1.220  50.0   1000  25.0   11100 528   0  NH3           
2017   99500  435500 1.300E-02  1.220  50.0   1000  25.0   11100 528   0  NH3           
2017   99500  436500 2.378E-04  1.220  50.0   1000  25.0   11100 528   0  NH3           
2017   99500  438500 1.030E-03  1.220  50.0   1000  25.0   11100 528   0  NH3           
2017   99500  440500 7.926E-04  1.220  50.0   1000  25.0   11100 528   0  NH3           
2017   99500  441500 2.750E-02  1.220  50.0   1000  25.0   11100 528   0  NH3           
2017   99500  450500 2.378E-04  1.220  50.0   1000  25.0   11100 528   0  NH3           
2017   99500  464500 1.585E-04  1.220  50.0   1000  25.0   11100 528   0  NH3           
2017   99500  474500 2.219E-03  1.220  50.0   1000  25.0   11100 528   0  NH3           
2017   99500  478500 1.426E-03  1.220  50.0   1000  25.0   11100 528   0  NH3           
2017  100500  389500 1.585E-04  1.220  50.0   1000  25.0   11100 528   0  NH3           
2017  100500  394500 4.756E-04  1.220  50.0   1000  25.0   11100 528   0  NH3           
2017  100500  397500 3.883E-03  1.220  50.0   1000  25.0   11100 528   0  NH3           
2017  100500  406500 1.743E-03  1.220  50.0   1000  25.0   11100 528   0  NH3           
2017  100500  410500 6.341E-04  1.220  50.0   1000  25.0   11100 528   0  NH3           
2017  100500  431500 2.378E-03  1.220  50.0   1000  25.0   11100 528   0  NH3           
2017  100500  432500 1.585E-04  1.220  50.0   1000  25.0   11100 528   0  NH3           
2017  100500  438500 8.717E-04  1.220  50.0   1000  25.0   11100 528   0  NH3           
2017  100500  447500 3.962E-04  1.220  50.0   1000  25.0   11100 528   0  NH3           
2017  100500  450500 2.299E-03  1.220  50.0   1000  25.0   11100 528   0  NH3           
2017  100500  456500 5.548E-04  1.220  50.0   1000  25.0   11100 528   0  NH3           
2017  100500  460500 1.189E-03  1.220  50.0   1000  25.0   11100 528   0  NH3           
2017  100500  465500 3.169E-04  1.220  50.0   1000  25.0   11100 528   0  NH3           
2017  100500  466500 3.962E-04  1.220  50.0   1000  25.0   11100 528   0  NH3           
2017  100500  496500 1.030E-03  1.220  50.0   1000  25.0   11100 528   0  NH3           
2017  101500  397500 5.468E-03  1.220  50.0   1000  25.0   11100 528   0  NH3           
2017  101500  399500 1.030E-03  1.220  50.0   1000  25.0   11100 528   0  NH3           
2017  101500  407500 1.110E-03  1.220  50.0   1000  25.0   11100 528   0  NH3           
2017  101500  412500 1.585E-04  1.220  50.0   1000  25.0   11100 528   0  NH3           
2017  101500  431500 1.561E-02  1.220  50.0   1000  25.0   11100 528   0  NH3           
2017  101500  432500 4.359E-03  1.220  50.0   1000  25.0   11100 528   0  NH3           
2017  101500  433500 3.962E-03  1.220  50.0   1000  25.0   11100 528   0  NH3           
2017  101500  438500 3.962E-04  1.220  50.0   1000  25.0   11100 528   0  NH3           
2017  101500  442500 2.378E-04  1.220  50.0   1000  25.0   11100 528   0  NH3           
2017  101500  443500 8.401E-03  1.220  50.0   1000  25.0   11100 528   0  NH3           
2017  101500  445500 1.585E-03  1.220  50.0   1000  25.0   11100 528   0  NH3           
2017  101500  460500 5.548E-04  1.220  50.0   1000  25.0   11100 528   0  NH3           
2017  101500  467500 6.341E-04  1.220  50.0   1000  25.0   11100 528   0  NH3           
2017  101500  480500 7.133E-04  1.220  50.0   1000  25.0   11100 528   0  NH3           
2017  101500  481500 8.717E-04  1.220  50.0   1000  25.0   11100 528   0  NH3           
2017  101500  486500 2.378E-04  1.220  50.0   1000  25.0   11100 528   0  NH3           
2017  101500  496500 3.962E-04  1.220  50.0   1000  25.0   11100 528   0  NH3           
2017  101500  497500 5.548E-04  1.220  50.0   1000  25.0   11100 528   0  NH3           
2017  102500  395500 4.756E-04  1.220  50.0   1000  25.0   11100 528   0  NH3           
2017  102500  398500 4.756E-04  1.220  50.0   1000  25.0   11100 528   0  NH3           
2017  102500  412500 5.548E-04  1.220  50.0   1000  25.0   11100 528   0  NH3           
2017  102500  420500 2.378E-04  1.220  50.0   1000  25.0   11100 528   0  NH3           
2017  102500  421500 3.011E-03  1.220  50.0   1000  25.0   11100 528   0  NH3           
2017  102500  425500 2.378E-04  1.220  50.0   1000  25.0   11100 528   0  NH3           
2017  102500  432500 8.323E-03  1.220  50.0   1000  25.0   11100 528   0  NH3           
2017  102500  434500 2.378E-04  1.220  50.0   1000  25.0   11100 528   0  NH3           
2017  102500  438500 2.299E-03  1.220  50.0   1000  25.0   11100 528   0  NH3           
2017  102500  442500 1.507E-03  1.220  50.0   1000  25.0   11100 528   0  NH3           
2017  102500  446500 2.378E-04  1.220  50.0   1000  25.0   11100 528   0  NH3           
2017  102500  467500 1.426E-03  1.220  50.0   1000  25.0   11100 528   0  NH3           
2017  102500  468500 2.061E-03  1.220  50.0   1000  25.0   11100 528   0  NH3           
2017  102500  484500 4.756E-04  1.220  50.0   1000  25.0   11100 528   0  NH3           
2017  102500  485500 1.268E-03  1.220  50.0   1000  25.0   11100 528   0  NH3           
2017  102500  486500 2.378E-04  1.220  50.0   1000  25.0   11100 528   0  NH3           
2017  102500  487500 1.507E-03  1.220  50.0   1000  25.0   11100 528   0  NH3           
2017  102500  489500 4.756E-04  1.220  50.0   1000  25.0   11100 528   0  NH3           
2017  102500  497500 3.169E-04  1.220  50.0   1000  25.0   11100 528   0  NH3           
2017  103500  385500 9.511E-04  1.220  50.0   1000  25.0   11100 528   0  NH3           
2017  103500  397500 1.110E-03  1.220  50.0   1000  25.0   11100 528   0  NH3           
2017  103500  398500 3.169E-04  1.220  50.0   1000  25.0   11100 528   0  NH3           
2017  103500  404500 1.426E-02  1.220  50.0   1000  25.0   11100 528   0  NH3           
2017  103500  420500 3.962E-03  1.220  50.0   1000  25.0   11100 528   0  NH3           
2017  103500  421500 2.425E-02  1.220  50.0   1000  25.0   11100 528   0  NH3           
2017  103500  424500 2.325E-02  0.000   6.0      0   0.0   11100 528   0  NH3           
2017  103500  426500 1.346E-03  1.220  50.0   1000  25.0   11100 528   0  NH3           
2017  103500  427500 2.378E-04  1.220  50.0   1000  25.0   11100 528   0  NH3           
2017  103500  431500 7.926E-04  1.220  50.0   1000  25.0   11100 528   0  NH3           
2017  103500  438500 4.756E-04  1.220  50.0   1000  25.0   11100 528   0  NH3           
2017  103500  460500 1.426E-03  1.220  50.0   1000  25.0   11100 528   0  NH3           
2017  103500  464500 3.962E-04  1.220  50.0   1000  25.0   11100 528   0  NH3           
2017  103500  474500 3.565E-03  1.220  50.0   1000  25.0   11100 528   0  NH3           
2017  103500  475500 2.299E-03  1.220  50.0   1000  25.0   11100 528   0  NH3           
2017  103500  484500 1.030E-03  1.220  50.0   1000  25.0   11100 528   0  NH3           
2017  103500  486500 2.378E-04  1.220  50.0   1000  25.0   11100 528   0  NH3           
2017  103500  487500 7.926E-04  1.220  50.0   1000  25.0   11100 528   0  NH3           
2017  103500  488500 2.061E-03  1.220  50.0   1000  25.0   11100 528   0  NH3           
2017  103500  490500 2.378E-04  1.220  50.0   1000  25.0   11100 528   0  NH3           
2017  103500  496500 1.585E-04  1.220  50.0   1000  25.0   11100 528   0  NH3           
2017  103500  497500 5.548E-04  1.220  50.0   1000  25.0   11100 528   0  NH3           
2017  104500  386500 2.005E-02  1.220  50.0   1000  25.0   11100 528   0  NH3           
2017  104500  387500 5.548E-04  1.220  50.0   1000  25.0   11100 528   0  NH3           
2017  104500  399500 1.426E-03  1.220  50.0   1000  25.0   11100 528   0  NH3           
2017  104500  424500 1.902E-03  1.220  50.0   1000  25.0   11100 528   0  NH3           
2017  104500  429500 4.834E-03  1.220  50.0   1000  25.0   11100 528   0  NH3           
2017  104500  430500 1.189E-03  1.220  50.0   1000  25.0   11100 528   0  NH3           
2017  104500  431500 3.962E-04  1.220  50.0   1000  25.0   11100 528   0  NH3           
2017  104500  433500 8.717E-04  1.220  50.0   1000  25.0   11100 528   0  NH3           
2017  104500  449500 3.726E-03  1.220  50.0   1000  25.0   11100 528   0  NH3           
2017  104500  450500 2.775E-03  1.220  50.0   1000  25.0   11100 528   0  NH3           
2017  104500  451500 5.548E-04  1.220  50.0   1000  25.0   11100 528   0  NH3           
2017  104500  462500 7.926E-04  1.220  50.0   1000  25.0   11100 528   0  NH3           
2017  104500  475500 1.507E-03  1.220  50.0   1000  25.0   11100 528   0  NH3           
2017  104500  480500 7.926E-04  1.220  50.0   1000  25.0   11100 528   0  NH3           
2017  104500  486500 3.169E-04  1.220  50.0   1000  25.0   11100 528   0  NH3           
2017  104500  488500 1.981E-03  1.220  50.0   1000  25.0   11100 528   0  NH3           
2017  104500  491500 8.717E-04  1.220  50.0   1000  25.0   11100 528   0  NH3           
2017  104500  493500 1.110E-03  1.220  50.0   1000  25.0   11100 528   0  NH3           
2017  104500  494500 1.426E-03  1.220  50.0   1000  25.0   11100 528   0  NH3           
2017  104500  495500 4.756E-04  1.220  50.0   1000  25.0   11100 528   0  NH3           
2017  104500  498500 3.962E-04  1.220  50.0   1000  25.0   11100 528   0  NH3           
2017  105500  387500 2.378E-04  1.220  50.0   1000  25.0   11100 528   0  NH3           
2017  105500  422500 8.717E-04  1.220  50.0   1000  25.0   11100 528   0  NH3           
2017  105500  424500 7.926E-04  1.220  50.0   1000  25.0   11100 528   0  NH3           
2017  105500  425500 1.426E-03  1.220  50.0   1000  25.0   11100 528   0  NH3           
2017  105500  444500 1.981E-03  1.220  50.0   1000  25.0   11100 528   0  NH3           
2017  105500  448500 5.626E-03  1.220  50.0   1000  25.0   11100 528   0  NH3           
2017  105500  450500 4.756E-04  1.220  50.0   1000  25.0   11100 528   0  NH3           
2017  105500  452500 1.585E-03  1.220  50.0   1000  25.0   11100 528   0  NH3           
2017  105500  454500 1.665E-03  1.220  50.0   1000  25.0   11100 528   0  NH3           
2017  105500  458500 5.786E-03  1.220  50.0   1000  25.0   11100 528   0  NH3           
2017  105500  460500 1.585E-03  1.220  50.0   1000  25.0   11100 528   0  NH3           
2017  105500  461500 8.717E-04  1.220  50.0   1000  25.0   11100 528   0  NH3           
2017  105500  462500 2.378E-04  1.220  50.0   1000  25.0   11100 528   0  NH3           
2017  105500  480500 4.756E-04  1.220  50.0   1000  25.0   11100 528   0  NH3           
2017  105500  486500 2.378E-04  1.220  50.0   1000  25.0   11100 528   0  NH3           
2017  105500  488500 7.133E-04  1.220  50.0   1000  25.0   11100 528   0  NH3           
2017  105500  489500 8.401E-03  1.220  50.0   1000  25.0   11100 528   0  NH3           
2017  105500  490500 2.695E-03  1.220  50.0   1000  25.0   11100 528   0  NH3           
2017  105500  497500 6.658E-03  1.220  50.0   1000  25.0   11100 528   0  NH3           
2017  105500  499500 9.666E-03  1.220  50.0   1000  25.0   11100 528   0  NH3           
2017  105500  501500 1.189E-03  1.220  50.0   1000  25.0   11100 528   0  NH3           
2017  105500  502500 1.268E-03  1.220  50.0   1000  25.0   11100 528   0  NH3           
2017  105500  506500 7.926E-04  1.220  50.0   1000  25.0   11100 528   0  NH3           
2017  105500  507500 4.756E-04  1.220  50.0   1000  25.0   11100 528   0  NH3           
2017  105500  512500 1.426E-03  1.220  50.0   1000  25.0   11100 528   0  NH3           
2017  105500  514500 3.169E-04  1.220  50.0   1000  25.0   11100 528   0  NH3           
2017  106500  396500 7.133E-04  1.220  50.0   1000  25.0   11100 528   0  NH3           
2017  106500  409500 6.341E-04  1.220  50.0   1000  25.0   11100 528   0  NH3           
2017  106500  424500 1.507E-03  1.220  50.0   1000  25.0   11100 528   0  NH3           
2017  106500  426500 8.717E-04  1.220  50.0   1000  25.0   11100 528   0  NH3           
2017  106500  427500 1.585E-03  1.220  50.0   1000  25.0   11100 528   0  NH3           
2017  106500  433500 4.756E-04  1.220  50.0   1000  25.0   11100 528   0  NH3           
2017  106500  434500 4.756E-04  1.220  50.0   1000  25.0   11100 528   0  NH3           
2017  106500  435500 3.962E-04  1.220  50.0   1000  25.0   11100 528   0  NH3           
2017  106500  445500 4.834E-03  1.220  50.0   1000  25.0   11100 528   0  NH3           
2017  106500  448500 4.437E-03  1.220  50.0   1000  25.0   11100 528   0  NH3           
2017  106500  461500 1.346E-03  1.220  50.0   1000  25.0   11100 528   0  NH3           
2017  106500  469500 1.585E-04  1.220  50.0   1000  25.0   11100 528   0  NH3           
2017  106500  470500 5.230E-03  1.220  50.0   1000  25.0   11100 528   0  NH3           
2017  106500  472500 5.548E-04  1.220  50.0   1000  25.0   11100 528   0  NH3           
2017  106500  480500 5.548E-04  1.220  50.0   1000  25.0   11100 528   0  NH3           
2017  106500  485500 7.926E-04  1.220  50.0   1000  25.0   11100 528   0  NH3           
2017  106500  488500 1.743E-03  1.220  50.0   1000  25.0   11100 528   0  NH3           
2017  106500  489500 3.726E-03  1.220  50.0   1000  25.0   11100 528   0  NH3           
2017  106500  491500 7.926E-04  1.220  50.0   1000  25.0   11100 528   0  NH3           
2017  106500  497500 6.023E-03  1.220  50.0   1000  25.0   11100 528   0  NH3           
2017  106500  498500 3.962E-04  1.220  50.0   1000  25.0   11100 528   0  NH3           
2017  106500  502500 1.665E-03  1.220  50.0   1000  25.0   11100 528   0  NH3           
2017  106500  507500 1.507E-03  1.220  50.0   1000  25.0   11100 528   0  NH3           
2017  106500  526500 4.756E-04  1.220  50.0   1000  25.0   11100 528   0  NH3           
2017  107500  392500 1.426E-03  1.220  50.0   1000  25.0   11100 528   0  NH3           
2017  107500  414500 9.511E-04  1.220  50.0   1000  25.0   11100 528   0  NH3           
2017  107500  423500 3.169E-04  1.220  50.0   1000  25.0   11100 528   0  NH3           
2017  107500  434500 2.378E-04  1.220  50.0   1000  25.0   11100 528   0  NH3           
2017  107500  446500 3.962E-04  1.220  50.0   1000  25.0   11100 528   0  NH3           
2017  107500  466500 9.511E-04  1.220  50.0   1000  25.0   11100 528   0  NH3           
2017  107500  472500 3.169E-04  1.220  50.0   1000  25.0   11100 528   0  NH3           
2017  107500  479500 3.169E-04  1.220  50.0   1000  25.0   11100 528   0  NH3           
2017  107500  525500 8.717E-04  1.220  50.0   1000  25.0   11100 528   0  NH3           
2017  108500  401500 3.646E-03  1.220  50.0   1000  25.0   11100 528   0  NH3           
2017  108500  402500 5.548E-04  1.220  50.0   1000  25.0   11100 528   0  NH3           
2017  108500  424500 3.962E-04  1.220  50.0   1000  25.0   11100 528   0  NH3           
2017  108500  446500 1.346E-03  1.220  50.0   1000  25.0   11100 528   0  NH3           
2017  108500  447500 4.834E-03  1.220  50.0   1000  25.0   11100 528   0  NH3           
2017  108500  448500 6.341E-04  1.220  50.0   1000  25.0   11100 528   0  NH3           
2017  108500  449500 1.189E-03  1.220  50.0   1000  25.0   11100 528   0  NH3           
2017  108500  464500 5.548E-04  1.220  50.0   1000  25.0   11100 528   0  NH3           
2017  108500  478500 2.211E-02  1.220  50.0   1000  25.0   11100 528   0  NH3           
2017  108500  479500 3.962E-04  1.220  50.0   1000  25.0   11100 528   0  NH3           
2017  108500  502500 1.585E-04  1.220  50.0   1000  25.0   11100 528   0  NH3           
2017  108500  509500 3.962E-04  1.220  50.0   1000  25.0   11100 528   0  NH3           
2017  108500  520500 2.061E-03  1.220  50.0   1000  25.0   11100 528   0  NH3           
2017  108500  523500 3.962E-04  1.220  50.0   1000  25.0   11100 528   0  NH3           
2017  108500  527500 2.378E-04  1.220  50.0   1000  25.0   11100 528   0  NH3           
2017  108500  538500 9.511E-04  1.220  50.0   1000  25.0   11100 528   0  NH3           
2017  109500  402500 2.378E-04  1.220  50.0   1000  25.0   11100 528   0  NH3           
2017  109500  426500 8.638E-03  1.220  50.0   1000  25.0   11100 528   0  NH3           
2017  109500  434500 1.585E-04  1.220  50.0   1000  25.0   11100 528   0  NH3           
2017  109500  448500 6.341E-04  1.220  50.0   1000  25.0   11100 528   0  NH3           
2017  109500  457500 1.189E-03  1.220  50.0   1000  25.0   11100 528   0  NH3           
2017  109500  474500 4.756E-04  1.220  50.0   1000  25.0   11100 528   0  NH3           
2017  109500  486500 4.756E-04  1.220  50.0   1000  25.0   11100 528   0  NH3           
2017  109500  504500 1.426E-03  1.220  50.0   1000  25.0   11100 528   0  NH3           
2017  109500  505500 1.585E-04  1.220  50.0   1000  25.0   11100 528   0  NH3           
2017  109500  512500 7.926E-04  1.220  50.0   1000  25.0   11100 528   0  NH3           
2017  109500  513500 1.346E-03  1.220  50.0   1000  25.0   11100 528   0  NH3           
2017  109500  520500 7.133E-04  1.220  50.0   1000  25.0   11100 528   0  NH3           
2017  110500  398500 1.426E-03  1.220  50.0   1000  25.0   11100 528   0  NH3           
2017  110500  399500 8.480E-03  1.220  50.0   1000  25.0   11100 528   0  NH3           
2017  110500  400500 4.756E-04  1.220  50.0   1000  25.0   11100 528   0  NH3           
2017  110500  402500 2.378E-04  1.220  50.0   1000  25.0   11100 528   0  NH3           
2017  110500  404500 7.926E-04  1.220  50.0   1000  25.0   11100 528   0  NH3           
2017  110500  406500 7.133E-04  1.220  50.0   1000  25.0   11100 528   0  NH3           
2017  110500  408500 9.511E-04  1.220  50.0   1000  25.0   11100 528   0  NH3           
2017  110500  426500 1.015E-02  1.220  50.0   1000  25.0   11100 528   0  NH3           
2017  110500  455500 3.962E-03  1.220  50.0   1000  25.0   11100 528   0  NH3           
2017  110500  488500 2.775E-02  1.220  50.0   1000  25.0   11100 528   0  NH3           
2017  110500  508500 7.133E-04  1.220  50.0   1000  25.0   11100 528   0  NH3           
2017  110500  516500 7.926E-04  1.220  50.0   1000  25.0   11100 528   0  NH3           
2017  110500  517500 3.169E-04  1.220  50.0   1000  25.0   11100 528   0  NH3           
2017  111500  399500 1.355E-02  1.220  50.0   1000  25.0   11100 528   0  NH3           
2017  111500  400500 5.136E-02  1.220  50.0   1000  25.0   11100 528   0  NH3           
2017  111500  402500 4.756E-04  1.220  50.0   1000  25.0   11100 528   0  NH3           
2017  111500  453500 7.371E-03  1.220  50.0   1000  25.0   11100 528   0  NH3           
2017  111500  454500 3.169E-04  1.220  50.0   1000  25.0   11100 528   0  NH3           
2017  111500  455500 5.548E-04  1.220  50.0   1000  25.0   11100 528   0  NH3           
2017  111500  472500 5.548E-04  1.220  50.0   1000  25.0   11100 528   0  NH3           
2017  111500  475500 8.717E-04  1.220  50.0   1000  25.0   11100 528   0  NH3           
2017  111500  479500 5.786E-03  1.220  50.0   1000  25.0   11100 528   0  NH3           
2017  111500  488500 1.585E-04  1.220  50.0   1000  25.0   11100 528   0  NH3           
2017  111500  498500 3.169E-03  1.220  50.0   1000  25.0   11100 528   0  NH3           
2017  111500  511500 1.110E-03  1.220  50.0   1000  25.0   11100 528   0  NH3           
2017  111500  514500 5.548E-04  1.220  50.0   1000  25.0   11100 528   0  NH3           
2017  111500  515500 1.189E-03  1.220  50.0   1000  25.0   11100 528   0  NH3           
2017  111500  516500 4.993E-03  1.220  50.0   1000  25.0   11100 528   0  NH3           
2017  111500  525500 4.446E-02  1.220  50.0   1000  25.0   11100 528   0  NH3           
2017  111500  528500 1.585E-04  1.220  50.0   1000  25.0   11100 528   0  NH3           
2017  111500  550500 3.962E-04  1.220  50.0   1000  25.0   11100 528   0  NH3           
2017  111500  560500 6.341E-04  1.220  50.0   1000  25.0   11100 528   0  NH3           
2017  112500  398500 5.548E-04  1.220  50.0   1000  25.0   11100 528   0  NH3           
2017  112500  399500 1.268E-03  1.220  50.0   1000  25.0   11100 528   0  NH3           
2017  112500  400500 2.219E-03  1.220  50.0   1000  25.0   11100 528   0  NH3           
2017  112500  401500 3.804E-03  1.220  50.0   1000  25.0   11100 528   0  NH3           
2017  112500  409500 3.169E-04  1.220  50.0   1000  25.0   11100 528   0  NH3           
2017  112500  410500 1.585E-04  1.220  50.0   1000  25.0   11100 528   0  NH3           
2017  112500  426500 1.585E-03  1.220  50.0   1000  25.0   11100 528   0  NH3           
2017  112500  442500 1.585E-03  1.220  50.0   1000  25.0   11100 528   0  NH3           
2017  112500  453500 9.511E-04  1.220  50.0   1000  25.0   11100 528   0  NH3           
2017  112500  461500 1.585E-04  1.220  50.0   1000  25.0   11100 528   0  NH3           
2017  112500  474500 1.507E-03  1.220  50.0   1000  25.0   11100 528   0  NH3           
2017  112500  475500 4.280E-03  1.220  50.0   1000  25.0   11100 528   0  NH3           
2017  112500  482500 2.378E-04  1.220  50.0   1000  25.0   11100 528   0  NH3           
2017  112500  491500 1.197E-02  1.220  50.0   1000  25.0   11100 528   0  NH3           
2017  112500  500500 6.341E-04  1.220  50.0   1000  25.0   11100 528   0  NH3           
2017  112500  501500 1.189E-03  1.220  50.0   1000  25.0   11100 528   0  NH3           
2017  112500  502500 3.962E-04  1.220  50.0   1000  25.0   11100 528   0  NH3           
2017  112500  513500 2.853E-03  1.220  50.0   1000  25.0   11100 528   0  NH3           
2017  112500  514500 2.378E-04  1.220  50.0   1000  25.0   11100 528   0  NH3           
2017  112500  515500 9.511E-04  1.220  50.0   1000  25.0   11100 528   0  NH3           
2017  112500  516500 7.133E-04  1.220  50.0   1000  25.0   11100 528   0  NH3           
2017  112500  538500 9.511E-04  1.220  50.0   1000  25.0   11100 528   0  NH3           
2017  112500  545500 2.061E-03  1.220  50.0   1000  25.0   11100 528   0  NH3           
2017  112500  549500 1.743E-03  1.220  50.0   1000  25.0   11100 528   0  NH3           
2017  113500  396500 4.756E-04  1.220  50.0   1000  25.0   11100 528   0  NH3           
2017  113500  397500 1.268E-03  1.220  50.0   1000  25.0   11100 528   0  NH3           
2017  113500  398500 5.548E-04  1.220  50.0   1000  25.0   11100 528   0  NH3           
2017  113500  400500 2.504E-02  1.220  50.0   1000  25.0   11100 528   0  NH3           
2017  113500  401500 1.466E-02  1.220  50.0   1000  25.0   11100 528   0  NH3           
2017  113500  402500 1.426E-03  1.220  50.0   1000  25.0   11100 528   0  NH3           
2017  113500  410500 1.822E-03  1.220  50.0   1000  25.0   11100 528   0  NH3           
2017  113500  425500 1.585E-04  1.220  50.0   1000  25.0   11100 528   0  NH3           
2017  113500  437500 5.786E-03  1.220  50.0   1000  25.0   11100 528   0  NH3           
2017  113500  438500 3.169E-04  1.220  50.0   1000  25.0   11100 528   0  NH3           
2017  113500  446500 1.110E-03  1.220  50.0   1000  25.0   11100 528   0  NH3           
2017  113500  463500 1.316E-02  1.220  50.0   1000  25.0   11100 528   0  NH3           
2017  113500  465500 3.962E-04  1.220  50.0   1000  25.0   11100 528   0  NH3           
2017  113500  483500 5.548E-04  1.220  50.0   1000  25.0   11100 528   0  NH3           
2017  113500  484500 3.169E-04  1.220  50.0   1000  25.0   11100 528   0  NH3           
2017  113500  485500 3.169E-04  1.220  50.0   1000  25.0   11100 528   0  NH3           
2017  113500  489500 4.756E-04  1.220  50.0   1000  25.0   11100 528   0  NH3           
2017  113500  502500 2.536E-03  1.220  50.0   1000  25.0   11100 528   0  NH3           
2017  113500  515500 2.219E-03  1.220  50.0   1000  25.0   11100 528   0  NH3           
2017  113500  520500 5.548E-04  1.220  50.0   1000  25.0   11100 528   0  NH3           
2017  113500  550500 1.110E-03  1.220  50.0   1000  25.0   11100 528   0  NH3           
2017  114500  399500 3.169E-03  1.220  50.0   1000  25.0   11100 528   0  NH3           
2017  114500  400500 2.077E-02  1.220  50.0   1000  25.0   11100 528   0  NH3           
2017  114500  426500 6.341E-04  1.220  50.0   1000  25.0   11100 528   0  NH3           
2017  114500  450500 4.756E-04  1.220  50.0   1000  25.0   11100 528   0  NH3           
2017  114500  471500 1.585E-04  1.220  50.0   1000  25.0   11100 528   0  NH3           
2017  114500  472500 9.511E-04  1.220  50.0   1000  25.0   11100 528   0  NH3           
2017  114500  485500 7.133E-04  1.220  50.0   1000  25.0   11100 528   0  NH3           
2017  114500  486500 7.133E-04  1.220  50.0   1000  25.0   11100 528   0  NH3           
2017  114500  489500 5.072E-03  1.220  50.0   1000  25.0   11100 528   0  NH3           
2017  114500  493500 1.585E-04  1.220  50.0   1000  25.0   11100 528   0  NH3           
2017  114500  500500 2.378E-04  1.220  50.0   1000  25.0   11100 528   0  NH3           
2017  114500  501500 3.479E-02  1.220  50.0   1000  25.0   11100 528   0  NH3           
2017  114500  502500 7.926E-04  1.220  50.0   1000  25.0   11100 528   0  NH3           
2017  114500  519500 4.756E-04  1.220  50.0   1000  25.0   11100 528   0  NH3           
2017  114500  520500 1.346E-03  1.220  50.0   1000  25.0   11100 528   0  NH3           
2017  114500  521500 1.981E-03  1.220  50.0   1000  25.0   11100 528   0  NH3           
2017  114500  550500 1.426E-03  1.220  50.0   1000  25.0   11100 528   0  NH3           
2017  114500  560500 4.756E-04  1.220  50.0   1000  25.0   11100 528   0  NH3           
2017  115500  400500 5.548E-04  1.220  50.0   1000  25.0   11100 528   0  NH3           
2017  115500  402500 2.378E-04  1.220  50.0   1000  25.0   11100 528   0  NH3           
2017  115500  426500 3.169E-04  1.220  50.0   1000  25.0   11100 528   0  NH3           
2017  115500  437500 1.822E-03  1.220  50.0   1000  25.0   11100 528   0  NH3           
2017  115500  441500 1.585E-04  1.220  50.0   1000  25.0   11100 528   0  NH3           
2017  115500  447500 2.775E-03  1.220  50.0   1000  25.0   11100 528   0  NH3           
2017  115500  485500 7.926E-04  1.220  50.0   1000  25.0   11100 528   0  NH3           
2017  115500  486500 1.189E-03  1.220  50.0   1000  25.0   11100 528   0  NH3           
2017  115500  487500 1.585E-04  1.220  50.0   1000  25.0   11100 528   0  NH3           
2017  115500  491500 4.756E-04  1.220  50.0   1000  25.0   11100 528   0  NH3           
2017  115500  493500 1.236E-02  1.220  50.0   1000  25.0   11100 528   0  NH3           
2017  115500  496500 1.346E-03  1.220  50.0   1000  25.0   11100 528   0  NH3           
2017  115500  497500 7.133E-04  1.220  50.0   1000  25.0   11100 528   0  NH3           
2017  115500  498500 2.457E-03  1.220  50.0   1000  25.0   11100 528   0  NH3           
2017  115500  499500 5.152E-03  1.220  50.0   1000  25.0   11100 528   0  NH3           
2017  115500  500500 1.063E-02  1.220  50.0   1000  25.0   11100 528   0  NH3           
2017  115500  519500 1.030E-03  1.220  50.0   1000  25.0   11100 528   0  NH3           
2017  115500  520500 2.329E-02  1.220  50.0   1000  25.0   11100 528   0  NH3           
2017  115500  521500 1.981E-03  1.220  50.0   1000  25.0   11100 528   0  NH3           
2017  115500  522500 3.565E-03  1.220  50.0   1000  25.0   11100 528   0  NH3           
2017  115500  524500 3.169E-04  1.220  50.0   1000  25.0   11100 528   0  NH3           
2017  115500  525500 6.341E-04  1.220  50.0   1000  25.0   11100 528   0  NH3           
2017  115500  533500 1.507E-03  1.220  50.0   1000  25.0   11100 528   0  NH3           
2017  115500  545500 3.962E-04  1.220  50.0   1000  25.0   11100 528   0  NH3           
2017  115500  563500 1.585E-04  1.220  50.0   1000  25.0   11100 528   0  NH3           
2017  116500  397500 1.822E-03  1.220  50.0   1000  25.0   11100 528   0  NH3           
2017  116500  400500 2.378E-03  1.220  50.0   1000  25.0   11100 528   0  NH3           
2017  116500  401500 3.091E-03  1.220  50.0   1000  25.0   11100 528   0  NH3           
2017  116500  408500 2.378E-04  1.220  50.0   1000  25.0   11100 528   0  NH3           
2017  116500  426500 2.140E-03  1.220  50.0   1000  25.0   11100 528   0  NH3           
2017  116500  437500 5.548E-04  1.220  50.0   1000  25.0   11100 528   0  NH3           
2017  116500  471500 1.426E-03  1.220  50.0   1000  25.0   11100 528   0  NH3           
2017  116500  472500 3.169E-04  1.220  50.0   1000  25.0   11100 528   0  NH3           
2017  116500  473500 1.743E-03  1.220  50.0   1000  25.0   11100 528   0  NH3           
2017  116500  477500 1.030E-03  1.220  50.0   1000  25.0   11100 528   0  NH3           
2017  116500  480500 1.189E-03  1.220  50.0   1000  25.0   11100 528   0  NH3           
2017  116500  484500 1.585E-04  1.220  50.0   1000  25.0   11100 528   0  NH3           
2017  116500  485500 4.756E-04  1.220  50.0   1000  25.0   11100 528   0  NH3           
2017  116500  486500 3.962E-04  1.220  50.0   1000  25.0   11100 528   0  NH3           
2017  116500  487500 1.585E-04  1.220  50.0   1000  25.0   11100 528   0  NH3           
2017  116500  488500 7.926E-04  1.220  50.0   1000  25.0   11100 528   0  NH3           
2017  116500  492500 3.169E-04  1.220  50.0   1000  25.0   11100 528   0  NH3           
2017  116500  493500 1.189E-03  1.220  50.0   1000  25.0   11100 528   0  NH3           
2017  116500  494500 2.695E-03  1.220  50.0   1000  25.0   11100 528   0  NH3           
2017  116500  495500 4.382E-02  1.220  50.0   1000  25.0   11100 528   0  NH3           
2017  116500  497500 4.437E-03  1.220  50.0   1000  25.0   11100 528   0  NH3           
2017  116500  498500 1.387E-02  1.220  50.0   1000  25.0   11100 528   0  NH3           
2017  116500  501500 7.926E-04  1.220  50.0   1000  25.0   11100 528   0  NH3           
2017  116500  506500 3.962E-04  1.220  50.0   1000  25.0   11100 528   0  NH3           
2017  116500  522500 1.585E-04  1.220  50.0   1000  25.0   11100 528   0  NH3           
2017  116500  523500 3.169E-04  1.220  50.0   1000  25.0   11100 528   0  NH3           
2017  116500  532500 7.450E-03  1.220  50.0   1000  25.0   11100 528   0  NH3           
2017  117500  385500 1.822E-03  1.220  50.0   1000  25.0   11100 528   0  NH3           
2017  117500  407500 6.341E-04  1.220  50.0   1000  25.0   11100 528   0  NH3           
2017  117500  426500 1.157E-02  1.220  50.0   1000  25.0   11100 528   0  NH3           
2017  117500  438500 3.169E-04  1.220  50.0   1000  25.0   11100 528   0  NH3           
2017  117500  440500 1.189E-03  1.220  50.0   1000  25.0   11100 528   0  NH3           
2017  117500  454500 1.585E-04  1.220  50.0   1000  25.0   11100 528   0  NH3           
2017  117500  458500 5.548E-04  1.220  50.0   1000  25.0   11100 528   0  NH3           
2017  117500  472500 2.378E-03  1.220  50.0   1000  25.0   11100 528   0  NH3           
2017  117500  477500 6.341E-04  1.220  50.0   1000  25.0   11100 528   0  NH3           
2017  117500  485500 2.378E-04  1.220  50.0   1000  25.0   11100 528   0  NH3           
2017  117500  488500 1.110E-03  1.220  50.0   1000  25.0   11100 528   0  NH3           
2017  117500  491500 1.585E-04  1.220  50.0   1000  25.0   11100 528   0  NH3           
2017  117500  493500 1.585E-04  1.220  50.0   1000  25.0   11100 528   0  NH3           
2017  117500  494500 9.511E-04  1.220  50.0   1000  25.0   11100 528   0  NH3           
2017  117500  495500 2.378E-04  1.220  50.0   1000  25.0   11100 528   0  NH3           
2017  117500  498500 1.585E-04  1.220  50.0   1000  25.0   11100 528   0  NH3           
2017  117500  519500 1.346E-03  1.220  50.0   1000  25.0   11100 528   0  NH3           
2017  117500  521500 5.548E-03  1.220  50.0   1000  25.0   11100 528   0  NH3           
2017  117500  522500 1.507E-02  1.220  50.0   1000  25.0   11100 528   0  NH3           
2017  117500  526500 9.511E-04  1.220  50.0   1000  25.0   11100 528   0  NH3           
2017  117500  541500 1.346E-03  1.220  50.0   1000  25.0   11100 528   0  NH3           
2017  117500  562500 9.511E-04  1.220  50.0   1000  25.0   11100 528   0  NH3           
2017  118500  390500 1.189E-03  1.220  50.0   1000  25.0   11100 528   0  NH3           
2017  118500  404500 1.110E-03  1.220  50.0   1000  25.0   11100 528   0  NH3           
2017  118500  405500 3.962E-04  1.220  50.0   1000  25.0   11100 528   0  NH3           
2017  118500  406500 2.219E-03  1.220  50.0   1000  25.0   11100 528   0  NH3           
2017  118500  407500 3.169E-04  1.220  50.0   1000  25.0   11100 528   0  NH3           
2017  118500  439500 2.853E-03  1.220  50.0   1000  25.0   11100 528   0  NH3           
2017  118500  455500 3.487E-03  1.220  50.0   1000  25.0   11100 528   0  NH3           
2017  118500  466500 1.585E-04  1.220  50.0   1000  25.0   11100 528   0  NH3           
2017  118500  480500 6.341E-04  1.220  50.0   1000  25.0   11100 528   0  NH3           
2017  118500  482500 2.378E-04  1.220  50.0   1000  25.0   11100 528   0  NH3           
2017  118500  483500 1.030E-02  1.220  50.0   1000  25.0   11100 528   0  NH3           
2017  118500  484500 9.511E-04  1.220  50.0   1000  25.0   11100 528   0  NH3           
2017  118500  485500 1.585E-04  1.220  50.0   1000  25.0   11100 528   0  NH3           
2017  118500  486500 1.110E-03  1.220  50.0   1000  25.0   11100 528   0  NH3           
2017  118500  487500 2.615E-03  1.220  50.0   1000  25.0   11100 528   0  NH3           
2017  118500  488500 1.110E-03  1.220  50.0   1000  25.0   11100 528   0  NH3           
2017  118500  489500 2.378E-03  1.220  50.0   1000  25.0   11100 528   0  NH3           
2017  118500  492500 4.914E-03  1.220  50.0   1000  25.0   11100 528   0  NH3           
2017  118500  494500 6.341E-04  1.220  50.0   1000  25.0   11100 528   0  NH3           
2017  118500  495500 1.585E-04  1.220  50.0   1000  25.0   11100 528   0  NH3           
2017  118500  520500 9.511E-04  1.220  50.0   1000  25.0   11100 528   0  NH3           
2017  118500  561500 1.902E-03  1.220  50.0   1000  25.0   11100 528   0  NH3           
2017  119500  397500 1.507E-03  1.220  50.0   1000  25.0   11100 528   0  NH3           
2017  119500  403500 3.169E-04  1.220  50.0   1000  25.0   11100 528   0  NH3           
2017  119500  404500 4.074E-02  1.220  50.0   1000  25.0   11100 528   0  NH3           
2017  119500  412500 1.426E-03  1.220  50.0   1000  25.0   11100 528   0  NH3           
2017  119500  414500 6.341E-04  1.220  50.0   1000  25.0   11100 528   0  NH3           
2017  119500  447500 1.585E-04  1.220  50.0   1000  25.0   11100 528   0  NH3           
2017  119500  448500 1.665E-03  1.220  50.0   1000  25.0   11100 528   0  NH3           
2017  119500  454500 3.169E-04  1.220  50.0   1000  25.0   11100 528   0  NH3           
2017  119500  455500 6.102E-03  1.220  50.0   1000  25.0   11100 528   0  NH3           
2017  119500  463500 1.585E-03  1.220  50.0   1000  25.0   11100 528   0  NH3           
2017  119500  468500 6.974E-03  1.220  50.0   1000  25.0   11100 528   0  NH3           
2017  119500  469500 1.268E-03  1.220  50.0   1000  25.0   11100 528   0  NH3           
2017  119500  478500 7.926E-04  1.220  50.0   1000  25.0   11100 528   0  NH3           
2017  119500  479500 2.219E-02  1.220  50.0   1000  25.0   11100 528   0  NH3           
2017  119500  484500 2.695E-03  1.220  50.0   1000  25.0   11100 528   0  NH3           
2017  119500  485500 2.378E-03  1.220  50.0   1000  25.0   11100 528   0  NH3           
2017  119500  486500 6.341E-04  1.220  50.0   1000  25.0   11100 528   0  NH3           
2017  119500  487500 4.122E-03  1.220  50.0   1000  25.0   11100 528   0  NH3           
2017  119500  488500 2.378E-04  1.220  50.0   1000  25.0   11100 528   0  NH3           
2017  119500  490500 7.133E-03  1.220  50.0   1000  25.0   11100 528   0  NH3           
2017  119500  492500 1.902E-03  1.220  50.0   1000  25.0   11100 528   0  NH3           
2017  119500  494500 1.189E-02  1.220  50.0   1000  25.0   11100 528   0  NH3           
2017  119500  527500 1.585E-04  1.220  50.0   1000  25.0   11100 528   0  NH3           
2017  120500  404500 6.737E-03  1.220  50.0   1000  25.0   11100 528   0  NH3           
2017  120500  413500 3.962E-04  1.220  50.0   1000  25.0   11100 528   0  NH3           
2017  120500  423500 3.962E-04  1.220  50.0   1000  25.0   11100 528   0  NH3           
2017  120500  429500 7.133E-04  1.220  50.0   1000  25.0   11100 528   0  NH3           
2017  120500  446500 5.548E-04  1.220  50.0   1000  25.0   11100 528   0  NH3           
2017  120500  448500 1.585E-04  1.220  50.0   1000  25.0   11100 528   0  NH3           
2017  120500  454500 5.786E-03  1.220  50.0   1000  25.0   11100 528   0  NH3           
2017  120500  455500 5.786E-03  1.220  50.0   1000  25.0   11100 528   0  NH3           
2017  120500  480500 2.219E-03  1.220  50.0   1000  25.0   11100 528   0  NH3           
2017  120500  482500 1.189E-03  1.220  50.0   1000  25.0   11100 528   0  NH3           
2017  120500  484500 3.169E-04  1.220  50.0   1000  25.0   11100 528   0  NH3           
2017  120500  485500 1.189E-03  1.220  50.0   1000  25.0   11100 528   0  NH3           
2017  120500  486500 1.426E-03  1.220  50.0   1000  25.0   11100 528   0  NH3           
2017  120500  487500 4.437E-03  1.220  50.0   1000  25.0   11100 528   0  NH3           
2017  120500  488500 2.299E-03  1.220  50.0   1000  25.0   11100 528   0  NH3           
2017  120500  491500 3.169E-04  1.220  50.0   1000  25.0   11100 528   0  NH3           
2017  120500  494500 3.169E-04  1.220  50.0   1000  25.0   11100 528   0  NH3           
2017  121500  411500 3.962E-04  1.220  50.0   1000  25.0   11100 528   0  NH3           
2017  121500  416500 4.756E-04  1.220  50.0   1000  25.0   11100 528   0  NH3           
2017  121500  424500 3.962E-04  1.220  50.0   1000  25.0   11100 528   0  NH3           
2017  121500  425500 3.962E-04  1.220  50.0   1000  25.0   11100 528   0  NH3           
2017  121500  455500 5.548E-04  1.220  50.0   1000  25.0   11100 528   0  NH3           
2017  121500  458500 1.585E-04  1.220  50.0   1000  25.0   11100 528   0  NH3           
2017  121500  459500 3.962E-04  1.220  50.0   1000  25.0   11100 528   0  NH3           
2017  121500  467500 1.585E-04  1.220  50.0   1000  25.0   11100 528   0  NH3           
2017  121500  468500 3.169E-04  1.220  50.0   1000  25.0   11100 528   0  NH3           
2017  121500  478500 3.011E-03  1.220  50.0   1000  25.0   11100 528   0  NH3           
2017  121500  484500 3.091E-03  1.220  50.0   1000  25.0   11100 528   0  NH3           
2017  121500  485500 2.775E-01  1.220  50.0   1000  25.0   11100 528   0  NH3           
2017  121500  486500 8.084E-03  1.220  50.0   1000  25.0   11100 528   0  NH3           
2017  121500  487500 4.518E-03  1.220  50.0   1000  25.0   11100 528   0  NH3           
2017  121500  488500 3.962E-04  1.220  50.0   1000  25.0   11100 528   0  NH3           
2017  121500  490500 1.665E-03  1.220  50.0   1000  25.0   11100 528   0  NH3           
2017  121500  491500 1.268E-03  1.220  50.0   1000  25.0   11100 528   0  NH3           
2017  121500  520500 6.974E-03  1.220  50.0   1000  25.0   11100 528   0  NH3           
2017  121500  527500 3.169E-04  1.220  50.0   1000  25.0   11100 528   0  NH3           
2017  121500  530500 4.756E-04  1.220  50.0   1000  25.0   11100 528   0  NH3           
2017  122500  403500 1.346E-03  1.220  50.0   1000  25.0   11100 528   0  NH3           
2017  122500  406500 3.962E-04  1.220  50.0   1000  25.0   11100 528   0  NH3           
2017  122500  410500 1.585E-04  1.220  50.0   1000  25.0   11100 528   0  NH3           
2017  122500  431500 1.585E-04  1.220  50.0   1000  25.0   11100 528   0  NH3           
2017  122500  456500 1.585E-04  1.220  50.0   1000  25.0   11100 528   0  NH3           
2017  122500  481500 1.585E-04  1.220  50.0   1000  25.0   11100 528   0  NH3           
2017  122500  483500 2.378E-04  1.220  50.0   1000  25.0   11100 528   0  NH3           
2017  122500  484500 1.110E-03  1.220  50.0   1000  25.0   11100 528   0  NH3           
2017  122500  485500 3.329E-03  1.220  50.0   1000  25.0   11100 528   0  NH3           
2017  122500  486500 5.548E-04  1.220  50.0   1000  25.0   11100 528   0  NH3           
2017  122500  487500 6.341E-04  1.220  50.0   1000  25.0   11100 528   0  NH3           
2017  122500  488500 4.756E-04  1.220  50.0   1000  25.0   11100 528   0  NH3           
2017  122500  489500 1.030E-03  1.220  50.0   1000  25.0   11100 528   0  NH3           
2017  122500  490500 8.717E-04  1.220  50.0   1000  25.0   11100 528   0  NH3           
2017  122500  493500 2.695E-03  1.220  50.0   1000  25.0   11100 528   0  NH3           
2017  122500  495500 2.378E-04  1.220  50.0   1000  25.0   11100 528   0  NH3           
2017  122500  507500 1.030E-03  1.220  50.0   1000  25.0   11100 528   0  NH3           
2017  122500  520500 3.962E-04  1.220  50.0   1000  25.0   11100 528   0  NH3           
2017  122500  528500 4.756E-04  1.220  50.0   1000  25.0   11100 528   0  NH3           
2017  123500  383500 1.507E-03  1.220  50.0   1000  25.0   11100 528   0  NH3           
2017  123500  384500 6.341E-04  1.220  50.0   1000  25.0   11100 528   0  NH3           
2017  123500  398500 8.717E-04  1.220  50.0   1000  25.0   11100 528   0  NH3           
2017  123500  399500 2.457E-03  1.220  50.0   1000  25.0   11100 528   0  NH3           
2017  123500  404500 7.926E-04  1.220  50.0   1000  25.0   11100 528   0  NH3           
2017  123500  412500 4.437E-03  1.220  50.0   1000  25.0   11100 528   0  NH3           
2017  123500  449500 3.250E-03  1.220  50.0   1000  25.0   11100 528   0  NH3           
2017  123500  468500 4.756E-04  1.220  50.0   1000  25.0   11100 528   0  NH3           
2017  123500  484500 7.846E-03  1.220  50.0   1000  25.0   11100 528   0  NH3           
2017  123500  485500 2.219E-03  1.220  50.0   1000  25.0   11100 528   0  NH3           
2017  123500  486500 1.346E-03  1.220  50.0   1000  25.0   11100 528   0  NH3           
2017  123500  489500 6.341E-04  1.220  50.0   1000  25.0   11100 528   0  NH3           
2017  123500  499500 8.717E-04  1.220  50.0   1000  25.0   11100 528   0  NH3           
2017  124500  394500 1.585E-03  1.220  50.0   1000  25.0   11100 528   0  NH3           
2017  124500  395500 1.981E-03  1.220  50.0   1000  25.0   11100 528   0  NH3           
2017  124500  399500 1.585E-03  1.220  50.0   1000  25.0   11100 528   0  NH3           
2017  124500  403500 1.585E-04  1.220  50.0   1000  25.0   11100 528   0  NH3           
2017  124500  404500 1.030E-03  1.220  50.0   1000  25.0   11100 528   0  NH3           
2017  124500  411500 4.756E-04  1.220  50.0   1000  25.0   11100 528   0  NH3           
2017  124500  412500 1.981E-03  1.220  50.0   1000  25.0   11100 528   0  NH3           
2017  124500  427500 3.565E-03  1.220  50.0   1000  25.0   11100 528   0  NH3           
2017  124500  435500 7.926E-04  1.220  50.0   1000  25.0   11100 528   0  NH3           
2017  124500  443500 3.646E-03  1.220  50.0   1000  25.0   11100 528   0  NH3           
2017  124500  450500 2.933E-03  1.220  50.0   1000  25.0   11100 528   0  NH3           
2017  124500  462500 5.548E-04  1.220  50.0   1000  25.0   11100 528   0  NH3           
