snr    x(m)    y(m)   q(g/s)   hc(MW)  h(m)   r(m)  s(m) dv  cat area  ps component     bronomschrijving
2017  115656  490542 4.561E-01  0.536  16.0      0   0.0   05000 528   0  NOx           
2017  116500  408500 2.111E-03  0.500   3.5   1000   1.8   05000 528   0  NOx           
2017  116500  491500 4.223E-03  0.500   3.5   1000   1.8   05000 528   0  NOx           
2017  116500  494500 3.167E-03  0.500   3.5   1000   1.8   05000 528   0  NOx           
2017  117500  399500 7.766E-02  0.500   3.5   1000   1.8   05000 528   0  NOx           
2017  117500  408500 2.428E-02  0.500   3.5   1000   1.8   05000 528   0  NOx           
2017  117500  411500 8.445E-03  0.500   3.5   1000   1.8   05000 528   0  NOx           
2017  118500  490500 1.056E-02  0.500   3.5   1000   1.8   05000 528   0  NOx           
2017  119500  424500 8.445E-03  0.500   3.5   1000   1.8   05000 528   0  NOx           
2017  119500  490500 9.501E-03  0.500   3.5   1000   1.8   05000 528   0  NOx           
2017  120500  424500 2.111E-03  0.500   3.5   1000   1.8   05000 528   0  NOx           
2017  120500  483500 4.223E-03  0.500   3.5   1000   1.8   05000 528   0  NOx           
2017  120500  536500 3.167E-03  0.500   3.5   1000   1.8   05000 528   0  NOx           
2017  121500  529500 1.161E-02  0.500   3.5   1000   1.8   05000 528   0  NOx           
2017  122500  403500 3.167E-03  0.500   3.5   1000   1.8   05000 528   0  NOx           
2017  122500  424500 2.111E-03  0.500   3.5   1000   1.8   05000 528   0  NOx           
2017  122500  529500 2.111E-03  0.500   3.5   1000   1.8   05000 528   0  NOx           
2017  123500  398500 2.111E-03  0.500   3.5   1000   1.8   05000 528   0  NOx           
2017  124500  479500 7.917E-02  0.500   3.5   1000   1.8   05000 528   0  NOx           
2017  125500  481500 2.111E-03  0.500   3.5   1000   1.8   05000 528   0  NOx           
2017  125500  501500 2.111E-03  0.500   3.5   1000   1.8   05000 528   0  NOx           
2017  125500  529500 2.111E-03  0.500   3.5   1000   1.8   05000 528   0  NOx           
2017  127500  484500 3.474E-02  0.500   3.5   1000   1.8   05000 528   0  NOx           
2017  128500  536500 1.267E-02  0.500   3.5   1000   1.8   05000 528   0  NOx           
2017  129500  442500 6.334E-03  0.500   3.5   1000   1.8   05000 528   0  NOx           
2017  129500  502500 3.959E-02  0.500   3.5   1000   1.8   05000 528   0  NOx           
2017  130500  443500 2.111E-03  0.500   3.5   1000   1.8   05000 528   0  NOx           
2017  130500  471500 3.167E-03  0.500   3.5   1000   1.8   05000 528   0  NOx           
2017  130500  521500 4.223E-03  0.500   3.5   1000   1.8   05000 528   0  NOx           
2017  131500  413500 7.390E-03  0.500   3.5   1000   1.8   05000 528   0  NOx           
2017  131500  435500 4.223E-03  0.500   3.5   1000   1.8   05000 528   0  NOx           
2017  132500  401500 1.026E-02  0.500   3.5   1000   1.8   05000 528   0  NOx           
2017  132500  458500 5.278E-03  0.500   3.5   1000   1.8   05000 528   0  NOx           
2017  132500  517500 3.167E-03  0.500   3.5   1000   1.8   05000 528   0  NOx           
2017  133500  401500 1.514E-01  0.500   3.5   1000   1.8   05000 528   0  NOx           
2017  133500  411500 3.167E-03  0.500   3.5   1000   1.8   05000 528   0  NOx           
2017  133500  458500 2.808E-01  0.500   3.5   1000   1.8   05000 528   0  NOx           
2017  133500  531500 2.595E-01  0.500   3.5   1000   1.8   05000 528   0  NOx           
2017  134500  442500 7.390E-03  0.500   3.5   1000   1.8   05000 528   0  NOx           
2017  134500  454500 2.111E-03  0.500   3.5   1000   1.8   05000 528   0  NOx           
2017  135500  393500 7.390E-03  0.500   3.5   1000   1.8   05000 528   0  NOx           
2017  135948  450803 9.729E-04  0.005  11.0      0   0.0   05000 528   0  NOx           
2017  136139  450923 4.170E-04  0.002  10.0      0   0.0   05000 528   0  NOx           
2017  136500  475500 3.167E-03  0.500   3.5   1000   1.8   05000 528   0  NOx           
2017  137500  452500 2.111E-03  0.500   3.5   1000   1.8   05000 528   0  NOx           
2017  137500  481500 4.754E-02  0.500   3.5   1000   1.8   05000 528   0  NOx           
2017  138500  386500 1.583E-02  0.500   3.5   1000   1.8   05000 528   0  NOx           
2017  138500  479500 2.111E-03  0.500   3.5   1000   1.8   05000 528   0  NOx           
2017  140500  399500 3.167E-03  0.500   3.5   1000   1.8   05000 528   0  NOx           
2017  141500  374500 4.223E-03  0.500   3.5   1000   1.8   05000 528   0  NOx           
2017  142500  374500 3.959E-02  0.500   3.5   1000   1.8   05000 528   0  NOx           
2017  142500  422500 2.111E-02  0.500   3.5   1000   1.8   05000 528   0  NOx           
2017  144500  377500 1.795E-02  0.500   3.5   1000   1.8   05000 528   0  NOx           
2017  145500  492500 2.323E-02  0.500   3.5   1000   1.8   05000 528   0  NOx           
2017  146500  413500 3.167E-03  0.500   3.5   1000   1.8   05000 528   0  NOx           
2017  147500  459500 3.167E-02  0.500   3.5   1000   1.8   05000 528   0  NOx           
2017  147500  483500 1.481E-01  0.500   3.5   1000   1.8   05000 528   0  NOx           
2017  147500  490500 4.223E-03  0.500   3.5   1000   1.8   05000 528   0  NOx           
2017  149500  399500 2.111E-02  0.500   3.5   1000   1.8   05000 528   0  NOx           
2017  150500  430500 1.160E-02  0.500   3.5   1000   1.8   05000 528   0  NOx           
2017  154500  463500 9.501E-03  0.500   3.5   1000   1.8   05000 528   0  NOx           
2017  155500  468500 1.202E-01  0.500   3.5   1000   1.8   05000 528   0  NOx           
2017  156500  384500 5.278E-02  0.500   3.5   1000   1.8   05000 528   0  NOx           
2017  156500  387500 8.973E-02  0.500   3.5   1000   1.8   05000 528   0  NOx           
2017  156500  432500 2.111E-03  0.500   3.5   1000   1.8   05000 528   0  NOx           
2017  157500  379500 2.745E-02  0.500   3.5   1000   1.8   05000 528   0  NOx           
2017  157500  433500 2.111E-02  0.500   3.5   1000   1.8   05000 528   0  NOx           
2017  157800  578200 3.320E+00  5.570  44.0      0   0.0   05000 528   0  NOx           
2017  158236  436521 1.729E-01  0.579  81.0      0   0.0   05000 528   0  NOx           
2017  158500  383500 9.821E-02  0.500   3.5   1000   1.8   05000 528   0  NOx           
2017  158500  390500 4.434E-02  0.500   3.5   1000   1.8   05000 528   0  NOx           
2017  158500  435500 1.161E-02  0.500   3.5   1000   1.8   05000 528   0  NOx           
2017  159500  401500 3.167E-03  0.500   3.5   1000   1.8   05000 528   0  NOx           
2017  159500  576500 2.111E-03  0.500   3.5   1000   1.8   05000 528   0  NOx           
2017  160500  393500 7.390E-03  0.500   3.5   1000   1.8   05000 528   0  NOx           
2017  160500  402500 4.223E-03  0.500   3.5   1000   1.8   05000 528   0  NOx           
2017  161500  389500 3.167E-03  0.500   3.5   1000   1.8   05000 528   0  NOx           
2017  161500  398500 4.107E-02  0.500   3.5   1000   1.8   05000 528   0  NOx           
2017  161500  400500 1.837E-01  0.500   3.5   1000   1.8   05000 528   0  NOx           
2017  161500  484500 1.478E-02  0.500   3.5   1000   1.8   05000 528   0  NOx           
2017  162500  401500 2.111E-03  0.500   3.5   1000   1.8   05000 528   0  NOx           
2017  162500  485500 2.111E-02  0.500   3.5   1000   1.8   05000 528   0  NOx           
2017  163500  401500 4.223E-03  0.500   3.5   1000   1.8   05000 528   0  NOx           
2017  163500  404500 5.278E-03  0.500   3.5   1000   1.8   05000 528   0  NOx           
2017  163500  415500 2.956E-02  0.500   3.5   1000   1.8   05000 528   0  NOx           
2017  163500  507500 1.159E-01  0.500   3.5   1000   1.8   05000 528   0  NOx           
2017  163500  577500 2.111E-03  0.500   3.5   1000   1.8   05000 528   0  NOx           
2017  165500  421500 2.216E-02  0.500   3.5   1000   1.8   05000 528   0  NOx           
2017  165500  500500 9.681E-02  0.500   3.5   1000   1.8   05000 528   0  NOx           
2017  165500  501500 3.428E-02  0.500   3.5   1000   1.8   05000 528   0  NOx           
2017  166500  382500 8.445E-03  0.500   3.5   1000   1.8   05000 528   0  NOx           
2017  166500  384500 3.167E-03  0.500   3.5   1000   1.8   05000 528   0  NOx           
2017  167500  384500 2.809E-01  0.500   3.5   1000   1.8   05000 528   0  NOx           
2017  168500  426500 5.278E-03  0.500   3.5   1000   1.8   05000 528   0  NOx           
2017  168500  435500 1.161E-02  0.500   3.5   1000   1.8   05000 528   0  NOx           
2017  170500  392500 5.278E-03  0.500   3.5   1000   1.8   05000 528   0  NOx           
2017  170948  464159 4.606E-01  0.153   5.0      0   0.0   05000 528   0  NOx           
